00 FF FF 00 00 21 00 08 08 01 00 00 00 00 00 00 00 00 01 00 00 0B BB 00 00 00 00 00 00 00 00 00 00 00 00 00 00 00 00 00 00 15:37:42:198
00 FF FF 00 00 21 00 08 07 01 00 01 00 01 00 00 00 00 05 00 00 0B C4 00 00 00 00 00 00 00 00 00 00 00 00 00 00 00 00 00 00 15:37:42:238
00 FF FF 00 00 21 00 08 06 01 00 02 00 02 00 00 00 00 19 00 00 0B D0 00 00 00 00 00 00 00 00 00 00 00 00 00 00 00 00 00 00 15:37:42:240
00 FF FF 00 00 21 00 08 05 01 00 03 00 03 00 00 00 00 7D 00 00 0B DB 00 00 00 00 00 00 00 00 00 00 00 00 00 00 00 00 00 00 15:37:42:242
00 FF FF 00 00 21 00 08 04 01 00 04 00 04 00 00 00 02 71 00 00 0B E7 00 00 00 00 00 00 00 00 00 00 00 00 00 00 00 00 00 00 15:37:42:244
00 FF FF 00 00 21 00 08 03 01 00 05 00 05 00 00 00 0C 35 00 00 0B F3 00 00 00 00 00 00 00 00 00 00 00 00 00 00 00 00 00 00 15:37:42:253
00 FF FF 00 00 21 00 08 02 01 00 06 00 06 00 00 00 3D 09 00 00 0B FE 00 00 00 00 00 00 00 00 00 00 00 00 00 00 00 00 00 00 15:37:42:283
00 FF FF 00 00 21 00 08 01 01 00 07 00 07 00 00 01 31 2D 00 00 0C 0A 00 00 00 00 00 00 00 00 00 00 00 00 00 00 00 00 00 00 15:37:42:284
00 FF FF 00 02 21 00 08 04 02 00 00 00 01 00 00 00 00 01 00 00 2C 77 00 00 02 FF FF 00 00 00 00 00 00 00 00 00 00 00 00 00 15:37:42:441
00 FF FF 00 02 21 00 08 03 02 00 02 00 03 00 00 00 00 64 00 00 2C BF 00 00 02 FF FF 00 00 00 00 00 00 00 00 00 00 00 00 00 15:37:42:442
00 FF FF 00 02 21 00 08 02 02 00 04 00 05 00 00 00 09 C4 00 00 2C CB 00 00 02 FF FF 00 00 00 00 00 00 00 00 00 00 00 00 00 15:37:42:473
00 FF FF 00 02 21 00 08 01 02 00 06 00 07 00 00 00 7A 12 00 00 2C D6 00 00 02 FF FF 00 00 00 00 00 00 00 00 00 00 00 00 00 15:37:42:474
00 FF FF 00 01 21 00 08 04 02 00 00 00 01 00 00 00 00 00 00 00 19 FF 00 00 01 FF FF 00 00 00 00 00 00 00 00 00 00 00 00 00 15:37:42:536
00 FF FF 00 01 21 00 08 03 02 00 02 00 03 00 00 00 00 4B 00 00 1A 8D 00 00 01 FF FF 00 00 00 00 00 00 00 00 00 00 00 00 00 15:37:42:578
00 FF FF 00 01 21 00 08 02 02 00 04 00 05 00 00 00 04 E2 00 00 1A 98 00 00 01 FF FF 00 00 00 00 00 00 00 00 00 00 00 00 00 15:37:42:580
00 FF FF 00 01 21 00 08 01 02 00 06 00 07 00 00 00 B7 1B 00 00 1A A4 00 00 01 FF FF 00 00 00 00 00 00 00 00 00 00 00 00 00 15:37:42:582
00 FF FF 00 01 21 00 08 00 06 00 00 00 00 08 00 00 00 00 00 00 1A EE 00 00 01 FF FF 00 00 00 00 00 00 00 00 00 00 00 00 00 15:37:42:642
00 FF FF 00 02 21 00 08 00 06 00 00 00 00 08 00 00 00 00 00 00 2D 87 00 00 02 FF FF 00 00 00 00 00 00 00 00 00 00 00 00 00 15:37:42:706
