00 FF FF 00 00 21 00 08 08 01 00 00 00 00 00 00 00 00 01 00 00 0B BB 00 00 00 00 00 00 00 00 00 00 00 00 00 00 00 00 00 00 15:51:11:221
00 FF FF 00 00 21 00 08 07 01 00 01 00 01 00 00 00 00 05 00 00 0B C4 00 00 00 00 00 00 00 00 00 00 00 00 00 00 00 00 00 00 15:51:11:222
00 FF FF 00 00 21 00 08 06 01 00 02 00 02 00 00 00 00 19 00 00 0B CF 00 00 00 00 00 00 00 00 00 00 00 00 00 00 00 00 00 00 15:51:11:235
00 FF FF 00 00 21 00 08 05 01 00 03 00 03 00 00 00 00 7D 00 00 0B DB 00 00 00 00 00 00 00 00 00 00 00 00 00 00 00 00 00 00 15:51:11:277
00 FF FF 00 00 21 00 08 04 01 00 04 00 04 00 00 00 02 71 00 00 0B E7 00 00 00 00 00 00 00 00 00 00 00 00 00 00 00 00 00 00 15:51:11:279
00 FF FF 00 00 21 00 08 03 01 00 05 00 05 00 00 00 0C 35 00 00 0B F2 00 00 00 00 00 00 00 00 00 00 00 00 00 00 00 00 00 00 15:51:11:281
00 FF FF 00 00 21 00 08 02 01 00 06 00 06 00 00 00 3D 09 00 00 0B FE 00 00 00 00 00 00 00 00 00 00 00 00 00 00 00 00 00 00 15:51:11:283
00 FF FF 00 00 21 00 08 01 01 00 07 00 07 00 00 01 31 2D 00 00 0C 0A 00 00 00 00 00 00 00 00 00 00 00 00 00 00 00 00 00 00 15:51:11:293
00 FF FF 00 01 21 00 08 04 02 00 00 00 01 00 00 00 00 01 00 00 23 25 00 00 01 FF FF 00 00 00 00 00 00 00 00 00 00 00 00 00 15:51:11:418
00 FF FF 00 01 21 00 08 03 02 00 02 00 03 00 00 00 00 00 00 00 23 2E 00 00 01 FF FF 00 00 00 00 00 00 00 00 00 00 00 00 00 15:51:11:420
00 FF FF 00 01 21 00 08 02 02 00 04 00 05 00 00 00 02 71 00 00 23 39 00 00 01 FF FF 00 00 00 00 00 00 00 00 00 00 00 00 00 15:51:11:422
00 FF FF 00 01 21 00 08 01 02 00 06 00 07 00 00 00 F4 24 00 00 23 45 00 00 01 FF FF 00 00 00 00 00 00 00 00 00 00 00 00 00 15:51:11:423
00 FF FF 00 02 21 00 08 04 02 00 00 00 01 00 00 00 00 03 00 00 17 4C 00 00 02 FF FF 00 00 00 00 00 00 00 00 00 00 00 00 00 15:51:11:510
00 FF FF 00 02 21 00 08 03 02 00 02 00 03 00 00 00 00 00 00 00 17 AC 00 00 02 FF FF 00 00 00 00 00 00 00 00 00 00 00 00 00 15:51:11:512
00 FF FF 00 02 21 00 08 02 02 00 04 00 05 00 00 00 09 C4 00 00 17 B8 00 00 02 FF FF 00 00 00 00 00 00 00 00 00 00 00 00 00 15:51:11:513
00 FF FF 00 02 21 00 08 01 02 00 06 00 07 00 00 00 F4 24 00 00 17 C3 00 00 02 FF FF 00 00 00 00 00 00 00 00 00 00 00 00 00 15:51:11:526
00 FF FF 00 01 21 00 08 00 06 00 00 00 00 08 00 00 00 00 00 00 24 21 00 00 01 FF FF 00 00 00 00 00 00 00 00 00 00 00 00 00 15:51:11:639
00 FF FF 00 02 21 00 08 00 06 00 00 00 00 08 00 00 00 00 00 00 18 65 00 00 02 FF FF 00 00 00 00 00 00 00 00 00 00 00 00 00 15:51:11:686
