00 FF FF 00 00 21 00 08 08 01 00 00 00 00 00 00 00 00 01 00 00 0B BB 00 00 00 00 00 00 00 00 00 00 00 00 00 00 00 00 00 00 15:38:09:066
00 FF FF 00 00 21 00 08 07 01 00 01 00 01 00 00 00 00 05 00 00 0B C4 00 00 00 00 00 00 00 00 00 00 00 00 00 00 00 00 00 00 15:38:09:105
00 FF FF 00 00 21 00 08 06 01 00 02 00 02 00 00 00 00 19 00 00 0B CF 00 00 00 00 00 00 00 00 00 00 00 00 00 00 00 00 00 00 15:38:09:107
00 FF FF 00 00 21 00 08 05 01 00 03 00 03 00 00 00 00 7D 00 00 0B DB 00 00 00 00 00 00 00 00 00 00 00 00 00 00 00 00 00 00 15:38:09:109
00 FF FF 00 00 21 00 08 04 01 00 04 00 04 00 00 00 02 71 00 00 0B E7 00 00 00 00 00 00 00 00 00 00 00 00 00 00 00 00 00 00 15:38:09:110
00 FF FF 00 00 21 00 08 03 01 00 05 00 05 00 00 00 0C 35 00 00 0B F3 00 00 00 00 00 00 00 00 00 00 00 00 00 00 00 00 00 00 15:38:09:120
00 FF FF 00 00 21 00 08 02 01 00 06 00 06 00 00 00 3D 09 00 00 0B FE 00 00 00 00 00 00 00 00 00 00 00 00 00 00 00 00 00 00 15:38:09:150
00 FF FF 00 00 21 00 08 01 01 00 07 00 07 00 00 01 31 2D 00 00 0C 0A 00 00 00 00 00 00 00 00 00 00 00 00 00 00 00 00 00 00 15:38:09:151
00 FF FF 00 01 21 00 08 04 02 00 00 00 01 00 00 00 00 01 00 00 23 E4 00 00 01 FF FF 00 00 00 00 00 00 00 00 00 00 00 00 00 15:38:09:293
00 FF FF 00 01 21 00 08 03 02 00 02 00 03 00 00 00 00 19 00 00 24 29 00 00 01 FF FF 00 00 00 00 00 00 00 00 00 00 00 00 00 15:38:09:294
00 FF FF 00 01 21 00 08 02 02 00 04 00 05 00 00 00 07 53 00 00 24 35 00 00 01 FF FF 00 00 00 00 00 00 00 00 00 00 00 00 00 15:38:09:309
00 FF FF 00 01 21 00 08 01 02 00 06 00 07 00 00 00 7A 12 00 00 24 40 00 00 01 FF FF 00 00 00 00 00 00 00 00 00 00 00 00 00 15:38:09:325
00 FF FF 00 02 21 00 08 04 02 00 00 00 01 00 00 00 00 04 00 00 17 71 00 00 02 FF FF 00 00 00 00 00 00 00 00 00 00 00 00 00 15:38:09:418
00 FF FF 00 02 21 00 08 03 02 00 02 00 03 00 00 00 00 64 00 00 18 05 00 00 02 FF FF 00 00 00 00 00 00 00 00 00 00 00 00 00 15:38:09:420
00 FF FF 00 02 21 00 08 02 02 00 04 00 05 00 00 00 07 53 00 00 18 11 00 00 02 FF FF 00 00 00 00 00 00 00 00 00 00 00 00 00 15:38:09:422
00 FF FF 00 02 21 00 08 01 02 00 06 00 07 00 00 00 F4 24 00 00 18 1D 00 00 02 FF FF 00 00 00 00 00 00 00 00 00 00 00 00 00 15:38:09:423
00 FF FF 00 02 21 00 08 00 06 00 00 00 00 08 00 00 00 00 00 00 18 52 00 00 02 FF FF 00 00 00 00 00 00 00 00 00 00 00 00 00 15:38:09:465
00 FF FF 00 01 21 00 08 00 06 00 00 00 00 08 00 00 00 00 00 00 24 EB 00 00 01 FF FF 00 00 00 00 00 00 00 00 00 00 00 00 00 15:38:09:545
