00 FF FF 00 00 21 00 08 08 01 00 00 00 00 00 00 00 00 01 00 00 75 33 00 00 00 00 00 00 00 00 00 00 00 00 00 00 00 00 00 00 16:42:17:626
00 FF FF 00 00 21 00 08 07 01 00 01 00 01 00 00 00 00 05 00 00 75 3C 00 00 00 00 00 00 00 00 00 00 00 00 00 00 00 00 00 00 16:42:17:666
00 FF FF 00 00 21 00 08 06 01 00 02 00 02 00 00 00 00 19 00 00 75 47 00 00 00 00 00 00 00 00 00 00 00 00 00 00 00 00 00 00 16:42:17:667
00 FF FF 00 00 21 00 08 05 01 00 03 00 03 00 00 00 00 7D 00 00 75 53 00 00 00 00 00 00 00 00 00 00 00 00 00 00 00 00 00 00 16:42:17:669
00 FF FF 00 00 21 00 08 04 01 00 04 00 04 00 00 00 02 71 00 00 75 5F 00 00 00 00 00 00 00 00 00 00 00 00 00 00 00 00 00 00 16:42:17:671
00 FF FF 00 00 21 00 08 03 01 00 05 00 05 00 00 00 0C 35 00 00 75 6B 00 00 00 00 00 00 00 00 00 00 00 00 00 00 00 00 00 00 16:42:17:711
00 FF FF 00 00 21 00 08 02 01 00 06 00 06 00 00 00 3D 09 00 00 75 76 00 00 00 00 00 00 00 00 00 00 00 00 00 00 00 00 00 00 16:42:17:713
00 FF FF 00 00 21 00 08 01 01 00 07 00 07 00 00 01 31 2D 00 00 75 82 00 00 00 00 00 00 00 00 00 00 00 00 00 00 00 00 00 00 16:42:17:714
00 FF FF 00 04 21 00 08 04 02 00 00 00 01 00 00 00 00 02 00 00 36 03 00 00 04 FF FF 00 00 00 00 00 00 00 00 00 00 00 00 00 16:42:17:790
00 FF FF 00 01 21 00 08 04 02 00 00 00 01 00 00 00 00 00 00 00 75 FB 00 00 01 FF FF 00 00 00 00 00 00 00 00 00 00 00 00 00 16:42:17:888
00 FF FF 00 04 21 00 08 03 02 00 02 00 03 00 00 00 00 32 00 00 36 0A 00 00 04 FF FF 00 00 00 00 00 00 00 00 00 00 00 00 00 16:42:17:890
00 FF FF 00 01 21 00 08 03 02 00 02 00 03 00 00 00 00 00 00 00 76 0D 00 00 01 FF FF 00 00 00 00 00 00 00 00 00 00 00 00 00 16:42:17:892
00 FF FF 00 04 21 00 08 02 02 00 04 00 05 00 00 00 04 E2 00 00 36 19 00 00 04 FF FF 00 00 00 00 00 00 00 00 00 00 00 00 00 16:42:17:893
00 FF FF 00 01 21 00 08 02 02 00 04 00 05 00 00 00 07 53 00 00 76 1C 00 00 01 FF FF 00 00 00 00 00 00 00 00 00 00 00 00 00 16:42:17:895
00 FF FF 00 09 21 00 08 04 02 00 00 00 01 00 00 00 00 02 00 00 36 1B 00 00 09 FF FF 00 00 00 00 00 00 00 00 00 00 00 00 00 16:42:17:897
00 FF FF 00 04 21 00 08 01 02 00 06 00 07 00 00 00 B7 1B 00 00 36 28 00 00 04 FF FF 00 00 00 00 00 00 00 00 00 00 00 00 00 16:42:17:899
00 FF FF 00 09 21 00 08 03 02 00 02 00 03 00 00 00 00 32 00 00 36 25 00 00 09 FF FF 00 00 00 00 00 00 00 00 00 00 00 00 00 16:42:17:901
00 FF FF 00 09 21 00 08 02 02 00 04 00 05 00 00 00 02 71 00 00 36 34 00 00 09 FF FF 00 00 00 00 00 00 00 00 00 00 00 00 00 16:42:17:903
00 FF FF 00 09 21 00 08 01 02 00 06 00 07 00 00 00 F4 24 00 00 36 40 00 00 09 FF FF 00 00 00 00 00 00 00 00 00 00 00 00 00 16:42:17:904
00 FF FF 00 03 21 00 08 04 02 00 00 00 01 00 00 00 00 02 00 00 36 4F 00 00 03 FF FF 00 00 00 00 00 00 00 00 00 00 00 00 00 16:42:18:009
00 FF FF 00 02 21 00 08 04 02 00 00 00 01 00 00 00 00 01 00 00 76 20 00 00 02 FF FF 00 00 00 00 00 00 00 00 00 00 00 00 00 16:42:18:011
00 FF FF 00 03 21 00 08 03 02 00 02 00 03 00 00 00 00 4B 00 00 36 C3 00 00 03 FF FF 00 00 00 00 00 00 00 00 00 00 00 00 00 16:42:18:013
00 FF FF 00 02 21 00 08 03 02 00 02 00 03 00 00 00 00 00 00 00 76 C9 00 00 02 FF FF 00 00 00 00 00 00 00 00 00 00 00 00 00 16:42:18:014
00 FF FF 00 03 21 00 08 02 02 00 04 00 05 00 00 00 09 C4 00 00 36 D1 00 00 03 FF FF 00 00 00 00 00 00 00 00 00 00 00 00 00 16:42:18:017
00 FF FF 00 08 21 00 08 02 02 00 04 00 05 00 00 00 00 00 00 00 36 B1 00 00 08 FF FF 00 00 00 00 00 00 00 00 00 00 00 00 00 16:42:18:019
00 FF FF 00 02 21 00 08 02 02 00 04 00 05 00 00 00 07 53 00 00 76 D8 00 00 02 FF FF 00 00 00 00 00 00 00 00 00 00 00 00 00 16:42:18:021
00 FF FF 00 08 21 00 08 01 02 00 06 00 07 00 00 00 B7 1B 00 00 36 C0 00 00 08 FF FF 00 00 00 00 00 00 00 00 00 00 00 00 00 16:42:18:022
00 FF FF 00 09 21 00 08 00 06 00 00 00 00 08 00 00 00 00 00 00 36 F4 00 00 09 FF FF 00 00 00 00 00 00 00 00 00 00 00 00 00 16:42:18:040
00 FF FF 00 08 21 00 08 00 06 00 00 00 00 08 00 00 00 00 00 00 37 0F 00 00 08 FF FF 00 00 00 00 00 00 00 00 00 00 00 00 00 16:42:18:056
00 FF FF 00 03 21 00 08 01 02 00 06 00 07 00 00 00 00 00 00 00 36 E0 00 00 03 FF FF 00 00 00 00 00 00 00 00 00 00 00 00 00 16:42:18:200
00 FF FF 00 07 21 00 08 04 02 00 00 00 01 00 00 00 00 02 00 00 36 21 00 00 07 FF FF 00 00 00 00 00 00 00 00 00 00 00 00 00 16:42:18:202
00 FF FF 00 06 21 00 08 03 02 00 02 00 03 00 00 00 00 32 00 00 37 54 00 00 06 FF FF 00 00 00 00 00 00 00 00 00 00 00 00 00 16:42:18:204
00 FF FF 00 07 21 00 08 03 02 00 02 00 03 00 00 00 00 64 00 00 37 90 00 00 07 FF FF 00 00 00 00 00 00 00 00 00 00 00 00 00 16:42:18:206
00 FF FF 00 06 21 00 08 02 02 00 04 00 05 00 00 00 02 71 00 00 37 63 00 00 06 FF FF 00 00 00 00 00 00 00 00 00 00 00 00 00 16:42:18:207
00 FF FF 00 07 21 00 08 02 02 00 04 00 05 00 00 00 00 00 00 00 37 9E 00 00 07 FF FF 00 00 00 00 00 00 00 00 00 00 00 00 00 16:42:18:210
00 FF FF 00 06 21 00 08 01 02 00 06 00 07 00 00 00 00 00 00 00 37 72 00 00 06 FF FF 00 00 00 00 00 00 00 00 00 00 00 00 00 16:42:18:212
00 FF FF 00 07 21 00 08 01 02 00 06 00 07 00 00 00 7A 12 00 00 37 AD 00 00 07 FF FF 00 00 00 00 00 00 00 00 00 00 00 00 00 16:42:18:213
00 FF FF 00 03 21 00 08 00 06 00 00 00 00 08 00 00 00 00 00 00 37 9A 00 00 03 FF FF 00 00 00 00 00 00 00 00 00 00 00 00 00 16:42:18:273
00 FF FF 00 04 21 00 08 00 06 00 00 00 00 08 00 00 00 00 00 00 37 22 00 00 04 FF FF 00 00 00 00 00 00 00 00 00 00 00 00 00 16:42:18:275
00 FF FF 00 05 21 00 08 04 02 00 00 00 01 00 00 00 00 01 00 00 35 F9 00 00 05 FF FF 00 00 00 00 00 00 00 00 00 00 00 00 00 16:42:18:367
00 FF FF 00 05 21 00 08 03 02 00 02 00 03 00 00 00 00 64 00 00 38 24 00 00 05 FF FF 00 00 00 00 00 00 00 00 00 00 00 00 00 16:42:18:368
00 FF FF 00 05 21 00 08 02 02 00 04 00 05 00 00 00 00 00 00 00 38 2F 00 00 05 FF FF 00 00 00 00 00 00 00 00 00 00 00 00 00 16:42:18:370
00 FF FF 00 05 21 00 08 01 02 00 06 00 07 00 00 00 3D 09 00 00 38 3B 00 00 05 FF FF 00 00 00 00 00 00 00 00 00 00 00 00 00 16:42:18:372
00 FF FF 00 02 21 00 08 01 02 00 06 00 07 00 00 00 F4 24 00 00 76 EC 00 00 02 FF FF 00 00 00 00 00 00 00 00 00 00 00 00 00 16:42:18:446
00 FF FF 00 02 21 00 08 00 06 00 00 00 00 08 00 00 00 00 00 00 78 D1 00 00 02 FF FF 00 00 00 00 00 00 00 00 00 00 00 00 00 16:42:18:462
00 FF FF 00 01 21 00 08 01 02 00 06 00 07 00 00 00 00 00 00 00 76 2B 00 00 01 FF FF 00 00 00 00 00 00 00 00 00 00 00 00 00 16:42:18:542
00 FF FF 00 01 21 00 08 00 06 00 00 00 00 08 00 00 00 00 00 00 79 21 00 00 01 FF FF 00 00 00 00 00 00 00 00 00 00 00 00 00 16:42:18:574
00 FF FF 00 00 21 00 08 08 01 00 00 00 00 00 00 00 00 01 00 00 75 33 00 00 00 00 00 00 00 00 00 00 00 00 00 00 00 00 00 00 17:37:02:176
00 FF FF 00 00 21 00 08 07 01 00 01 00 01 00 00 00 00 05 00 00 75 3C 00 00 00 00 00 00 00 00 00 00 00 00 00 00 00 00 00 00 17:37:02:178
00 FF FF 00 00 21 00 08 06 01 00 02 00 02 00 00 00 00 19 00 00 75 47 00 00 00 00 00 00 00 00 00 00 00 00 00 00 00 00 00 00 17:37:02:180
00 FF FF 00 00 21 00 08 05 01 00 03 00 03 00 00 00 00 7D 00 00 75 53 00 00 00 00 00 00 00 00 00 00 00 00 00 00 00 00 00 00 17:37:02:181
00 FF FF 00 00 21 00 08 04 01 00 04 00 04 00 00 00 02 71 00 00 75 5F 00 00 00 00 00 00 00 00 00 00 00 00 00 00 00 00 00 00 17:37:02:192
00 FF FF 00 00 21 00 08 03 01 00 05 00 05 00 00 00 0C 35 00 00 75 6A 00 00 00 00 00 00 00 00 00 00 00 00 00 00 00 00 00 00 17:37:02:234
00 FF FF 00 00 21 00 08 02 01 00 06 00 06 00 00 00 3D 09 00 00 75 76 00 00 00 00 00 00 00 00 00 00 00 00 00 00 00 00 00 00 17:37:02:236
00 FF FF 00 00 21 00 08 01 01 00 07 00 07 00 00 01 31 2D 00 00 75 82 00 00 00 00 00 00 00 00 00 00 00 00 00 00 00 00 00 00 17:37:02:237
00 FF FF 00 03 21 00 08 04 02 00 00 00 01 00 00 00 00 00 00 00 D9 3D 00 00 03 FF FF 00 00 00 00 00 00 00 00 00 00 00 00 00 17:37:02:340
00 FF FF 00 03 21 00 08 03 02 00 02 00 03 00 00 00 00 32 00 00 D9 49 00 00 03 FF FF 00 00 00 00 00 00 00 00 00 00 00 00 00 17:37:02:342
00 FF FF 00 09 21 00 08 04 02 00 00 00 01 00 00 00 00 00 00 00 D9 40 00 00 09 FF FF 00 00 00 00 00 00 00 00 00 00 00 00 00 17:37:02:344
00 FF FF 00 09 21 00 08 03 02 00 02 00 03 00 00 00 00 32 00 00 D9 4A 00 00 09 FF FF 00 00 00 00 00 00 00 00 00 00 00 00 00 17:37:02:345
00 FF FF 00 09 21 00 08 02 02 00 04 00 05 00 00 00 07 53 00 00 D9 56 00 00 09 FF FF 00 00 00 00 00 00 00 00 00 00 00 00 00 17:37:02:370
00 FF FF 00 09 21 00 08 01 02 00 06 00 07 00 00 00 7A 12 00 00 D9 61 00 00 09 FF FF 00 00 00 00 00 00 00 00 00 00 00 00 00 17:37:02:371
00 FF FF 00 06 21 00 08 04 02 00 00 00 01 00 00 00 00 00 00 00 D9 8D 00 00 06 FF FF 00 00 00 00 00 00 00 00 00 00 00 00 00 17:37:02:449
00 FF FF 00 01 21 00 08 04 02 00 00 00 01 00 00 00 00 03 00 00 CD 66 00 00 01 FF FF 00 00 00 00 00 00 00 00 00 00 00 00 00 17:37:02:451
00 FF FF 00 06 21 00 08 03 02 00 02 00 03 00 00 00 00 32 00 00 D9 E8 00 00 06 FF FF 00 00 00 00 00 00 00 00 00 00 00 00 00 17:37:02:476
00 FF FF 00 05 21 00 08 03 02 00 02 00 03 00 00 00 00 19 00 00 D9 D9 00 00 05 FF FF 00 00 00 00 00 00 00 00 00 00 00 00 00 17:37:02:478
00 FF FF 00 01 21 00 08 03 02 00 02 00 03 00 00 00 00 4B 00 00 CD C0 00 00 01 FF FF 00 00 00 00 00 00 00 00 00 00 00 00 00 17:37:02:508
00 FF FF 00 01 21 00 08 02 02 00 04 00 05 00 00 00 00 00 00 00 CD D1 00 00 01 FF FF 00 00 00 00 00 00 00 00 00 00 00 00 00 17:37:02:509
00 FF FF 00 05 21 00 08 02 02 00 04 00 05 00 00 00 00 00 00 00 D9 E8 00 00 05 FF FF 00 00 00 00 00 00 00 00 00 00 00 00 00 17:37:02:511
00 FF FF 00 01 21 00 08 01 02 00 06 00 07 00 00 00 7A 12 00 00 CD DD 00 00 01 FF FF 00 00 00 00 00 00 00 00 00 00 00 00 00 17:37:02:513
00 FF FF 00 08 21 00 08 04 02 00 00 00 01 00 00 00 00 00 00 00 D9 70 00 00 08 FF FF 00 00 00 00 00 00 00 00 00 00 00 00 00 17:37:02:555
00 FF FF 00 02 21 00 08 04 02 00 00 00 01 00 00 00 00 01 00 00 23 13 00 00 02 FF FF 00 00 00 00 00 00 00 00 00 00 00 00 00 17:37:02:571
00 FF FF 00 08 21 00 08 03 02 00 02 00 03 00 00 00 00 00 00 00 DA 43 00 00 08 FF FF 00 00 00 00 00 00 00 00 00 00 00 00 00 17:37:02:607
00 FF FF 00 03 21 00 08 01 02 00 06 00 07 00 00 00 B7 1B 00 00 DA 4A 00 00 03 FF FF 00 00 00 00 00 00 00 00 00 00 00 00 00 17:37:02:609
00 FF FF 00 02 21 00 08 03 02 00 02 00 03 00 00 00 00 4B 00 00 23 EB 00 00 02 FF FF 00 00 00 00 00 00 00 00 00 00 00 00 00 17:37:02:611
00 FF FF 00 08 21 00 08 02 02 00 04 00 05 00 00 00 04 E2 00 00 DA 4F 00 00 08 FF FF 00 00 00 00 00 00 00 00 00 00 00 00 00 17:37:02:612
00 FF FF 00 08 21 00 08 01 02 00 06 00 07 00 00 00 7A 12 00 00 DA 62 00 00 08 FF FF 00 00 00 00 00 00 00 00 00 00 00 00 00 17:37:02:669
00 FF FF 00 07 21 00 08 03 02 00 02 00 03 00 00 00 00 00 00 00 DA BB 00 00 07 FF FF 00 00 00 00 00 00 00 00 00 00 00 00 00 17:37:02:685
00 FF FF 00 07 21 00 08 02 02 00 04 00 05 00 00 00 04 E2 00 00 DA C7 00 00 07 FF FF 00 00 00 00 00 00 00 00 00 00 00 00 00 17:37:02:716
00 FF FF 00 07 21 00 08 01 02 00 06 00 07 00 00 00 7A 12 00 00 DA D3 00 00 07 FF FF 00 00 00 00 00 00 00 00 00 00 00 00 00 17:37:02:717
00 FF FF 00 02 21 00 08 02 02 00 04 00 05 00 00 00 09 C4 00 00 23 FE 00 00 02 FF FF 00 00 00 00 00 00 00 00 00 00 00 00 00 17:37:02:777
00 FF FF 00 02 21 00 08 01 02 00 06 00 07 00 00 00 F4 24 00 00 24 CD 00 00 02 FF FF 00 00 00 00 00 00 00 00 00 00 00 00 00 17:37:02:793
00 FF FF 00 09 21 00 08 00 06 00 00 00 00 08 00 00 00 00 00 00 DA 2B 00 00 09 FF FF 00 00 00 00 00 00 00 00 00 00 00 00 00 17:37:02:884
00 FF FF 00 01 21 00 08 00 06 00 00 00 00 08 00 00 00 00 00 00 CE 43 00 00 01 FF FF 00 00 00 00 00 00 00 00 00 00 00 00 00 17:37:02:885
00 FF FF 00 00 21 00 08 08 01 00 00 00 00 00 00 00 00 01 00 00 75 33 00 00 00 00 00 00 00 00 00 00 00 00 00 00 00 00 00 00 17:38:34:303
00 FF FF 00 00 21 00 08 07 01 00 01 00 01 00 00 00 00 05 00 00 75 3C 00 00 00 00 00 00 00 00 00 00 00 00 00 00 00 00 00 00 17:38:34:319
00 FF FF 00 00 21 00 08 06 01 00 02 00 02 00 00 00 00 19 00 00 75 47 00 00 00 00 00 00 00 00 00 00 00 00 00 00 00 00 00 00 17:38:34:364
00 FF FF 00 00 21 00 08 05 01 00 03 00 03 00 00 00 00 7D 00 00 75 53 00 00 00 00 00 00 00 00 00 00 00 00 00 00 00 00 00 00 17:38:34:366
00 FF FF 00 00 21 00 08 04 01 00 04 00 04 00 00 00 02 71 00 00 75 5F 00 00 00 00 00 00 00 00 00 00 00 00 00 00 00 00 00 00 17:38:34:368
00 FF FF 00 00 21 00 08 03 01 00 05 00 05 00 00 00 0C 35 00 00 75 6A 00 00 00 00 00 00 00 00 00 00 00 00 00 00 00 00 00 00 17:38:34:369
00 FF FF 00 00 21 00 08 02 01 00 06 00 06 00 00 00 3D 09 00 00 75 76 00 00 00 00 00 00 00 00 00 00 00 00 00 00 00 00 00 00 17:38:34:379
00 FF FF 00 00 21 00 08 01 01 00 07 00 07 00 00 01 31 2D 00 00 75 82 00 00 00 00 00 00 00 00 00 00 00 00 00 00 00 00 00 00 17:38:34:395
00 FF FF 00 01 21 00 08 04 02 00 00 00 01 00 00 00 00 02 00 00 5F E9 00 00 01 FF FF 00 00 00 00 00 00 00 00 00 00 00 00 00 17:38:34:524
00 FF FF 00 01 21 00 08 03 02 00 02 00 03 00 00 00 00 00 00 00 5F F9 00 00 01 FF FF 00 00 00 00 00 00 00 00 00 00 00 00 00 17:38:34:567
00 FF FF 00 01 21 00 08 02 02 00 04 00 05 00 00 00 02 71 00 00 60 05 00 00 01 FF FF 00 00 00 00 00 00 00 00 00 00 00 00 00 17:38:34:568
00 FF FF 00 01 21 00 08 01 02 00 06 00 07 00 00 00 7A 12 00 00 60 11 00 00 01 FF FF 00 00 00 00 00 00 00 00 00 00 00 00 00 17:38:34:569
00 FF FF 00 02 21 00 08 04 02 00 00 00 01 00 00 00 00 01 00 00 2C D8 00 00 02 FF FF 00 00 00 00 00 00 00 00 00 00 00 00 00 17:38:34:629
00 FF FF 00 02 21 00 08 03 02 00 02 00 03 00 00 00 00 00 00 00 2D 49 00 00 02 FF FF 00 00 00 00 00 00 00 00 00 00 00 00 00 17:38:34:645
00 FF FF 00 02 21 00 08 02 02 00 04 00 05 00 00 00 04 E2 00 00 2D 55 00 00 02 FF FF 00 00 00 00 00 00 00 00 00 00 00 00 00 17:38:34:675
00 FF FF 00 02 21 00 08 01 02 00 06 00 07 00 00 00 7A 12 00 00 2D 61 00 00 02 FF FF 00 00 00 00 00 00 00 00 00 00 00 00 00 17:38:34:676
00 FF FF 00 02 21 00 08 00 06 00 00 00 00 08 00 00 00 00 00 00 2D B3 00 00 02 FF FF 00 00 00 00 00 00 00 00 00 00 00 00 00 17:38:34:769
00 FF FF 00 01 21 00 08 00 06 00 00 00 00 08 00 00 00 00 00 00 60 E4 00 00 01 FF FF 00 00 00 00 00 00 00 00 00 00 00 00 00 17:38:34:770
