00 FF FF 00 07 20 00 08 01 00 00 00 00 00 00 00 00 01 00 00 00 12 00 00 07 00 00 00 00 00 00 00 00 00 00 00 00 00 00 00 16:50:07:525
00 FF FF 00 07 20 00 08 01 00 01 00 01 00 00 00 00 05 00 00 00 18 00 00 07 00 00 00 00 00 00 00 00 00 00 00 00 00 00 00 16:50:07:567
00 FF FF 00 07 20 00 08 01 00 02 00 02 00 00 00 00 19 00 00 00 24 00 00 07 00 00 00 00 00 00 00 00 00 00 00 00 00 00 00 16:50:07:568
00 FF FF 00 07 20 00 08 01 00 03 00 03 00 00 00 00 7D 00 00 00 2F 00 00 07 00 00 00 00 00 00 00 00 00 00 00 00 00 00 00 16:50:07:570
00 FF FF 00 07 20 00 08 01 00 04 00 04 00 00 00 02 71 00 00 00 3B 00 00 07 00 00 00 00 00 00 00 00 00 00 00 00 00 00 00 16:50:07:572
00 FF FF 00 07 20 00 08 01 00 05 00 05 00 00 00 0C 35 00 00 00 46 00 00 07 00 00 00 00 00 00 00 00 00 00 00 00 00 00 00 16:50:07:611
00 FF FF 00 07 20 00 08 01 00 06 00 06 00 00 00 3D 09 00 00 00 51 00 00 07 00 00 00 00 00 00 00 00 00 00 00 00 00 00 00 16:50:07:612
00 FF FF 00 07 20 00 08 01 00 07 00 07 00 00 01 31 2D 00 00 00 5D 00 00 07 00 00 00 00 00 00 00 00 00 00 00 00 00 00 00 16:50:07:614
00 FF FF 00 07 20 00 08 01 00 08 00 08 00 00 00 00 01 00 00 01 52 00 00 07 00 00 00 00 00 00 00 00 00 00 00 00 00 00 00 16:50:07:834
00 FF FF 00 07 20 00 08 01 00 09 00 09 00 00 00 00 05 00 00 01 58 00 00 07 00 00 00 00 00 00 00 00 00 00 00 00 00 00 00 16:50:07:878
00 FF FF 00 07 20 00 08 01 00 0A 00 0A 00 00 00 00 19 00 00 01 63 00 00 07 00 00 00 00 00 00 00 00 00 00 00 00 00 00 00 16:50:07:880
00 FF FF 00 07 20 00 08 01 00 0B 00 0B 00 00 00 00 7D 00 00 01 6F 00 00 07 00 00 00 00 00 00 00 00 00 00 00 00 00 00 00 16:50:07:882
00 FF FF 00 07 20 00 08 01 00 0C 00 0C 00 00 00 02 71 00 00 01 7A 00 00 07 00 00 00 00 00 00 00 00 00 00 00 00 00 00 00 16:50:07:883
00 FF FF 00 07 20 00 08 01 00 0D 00 0D 00 00 00 0C 35 00 00 01 86 00 00 07 00 00 00 00 00 00 00 00 00 00 00 00 00 00 00 16:50:07:894
00 FF FF 00 07 20 00 08 01 00 0E 00 0E 00 00 00 3D 09 00 00 01 91 00 00 07 00 00 00 00 00 00 00 00 00 00 00 00 00 00 00 16:50:07:923
00 FF FF 00 07 20 00 08 01 00 0F 00 0F 00 00 01 31 2D 00 00 01 9D 00 00 07 00 00 00 00 00 00 00 00 00 00 00 00 00 00 00 16:50:07:924
00 FF FF 00 07 20 00 08 01 00 10 00 10 00 00 00 00 01 00 00 02 92 00 00 07 00 00 00 00 00 00 00 00 00 00 00 00 00 00 00 16:50:08:147
00 FF FF 00 07 20 00 08 01 00 11 00 11 00 00 00 00 05 00 00 02 98 00 00 07 00 00 00 00 00 00 00 00 00 00 00 00 00 00 00 16:50:08:190
00 FF FF 00 07 20 00 08 01 00 12 00 12 00 00 00 00 19 00 00 02 A3 00 00 07 00 00 00 00 00 00 00 00 00 00 00 00 00 00 00 16:50:08:192
00 FF FF 00 07 20 00 08 01 00 13 00 13 00 00 00 00 7D 00 00 02 AF 00 00 07 00 00 00 00 00 00 00 00 00 00 00 00 00 00 00 16:50:08:194
00 FF FF 00 07 20 00 08 01 00 14 00 14 00 00 00 02 71 00 00 02 BA 00 00 07 00 00 00 00 00 00 00 00 00 00 00 00 00 00 00 16:50:08:195
00 FF FF 00 07 20 00 08 01 00 15 00 15 00 00 00 0C 35 00 00 02 C6 00 00 07 00 00 00 00 00 00 00 00 00 00 00 00 00 00 00 16:50:08:206
00 FF FF 00 07 20 00 08 01 00 16 00 16 00 00 00 3D 09 00 00 02 D1 00 00 07 00 00 00 00 00 00 00 00 00 00 00 00 00 00 00 16:50:08:235
00 FF FF 00 07 20 00 08 01 00 17 00 17 00 00 01 31 2D 00 00 02 DD 00 00 07 00 00 00 00 00 00 00 00 00 00 00 00 00 00 00 16:50:08:236
00 FF FF 00 07 20 00 08 01 00 18 00 18 00 00 00 00 01 00 00 03 D2 00 00 07 00 00 00 00 00 00 00 00 00 00 00 00 00 00 00 16:50:08:458
00 FF FF 00 07 20 00 08 01 00 19 00 19 00 00 00 00 05 00 00 03 D8 00 00 07 00 00 00 00 00 00 00 00 00 00 00 00 00 00 00 16:50:08:503
00 FF FF 00 07 20 00 08 01 00 1A 00 1A 00 00 00 00 19 00 00 03 E3 00 00 07 00 00 00 00 00 00 00 00 00 00 00 00 00 00 00 16:50:08:505
00 FF FF 00 07 20 00 08 01 00 1B 00 1B 00 00 00 00 7D 00 00 03 EF 00 00 07 00 00 00 00 00 00 00 00 00 00 00 00 00 00 00 16:50:08:507
00 FF FF 00 07 20 00 08 01 00 1C 00 1C 00 00 00 02 71 00 00 03 FA 00 00 07 00 00 00 00 00 00 00 00 00 00 00 00 00 00 00 16:50:08:508
00 FF FF 00 07 20 00 08 01 00 1D 00 1D 00 00 00 0C 35 00 00 04 06 00 00 07 00 00 00 00 00 00 00 00 00 00 00 00 00 00 00 16:50:08:519
00 FF FF 00 07 20 00 08 01 00 1E 00 1E 00 00 00 3D 09 00 00 04 11 00 00 07 00 00 00 00 00 00 00 00 00 00 00 00 00 00 00 16:50:08:548
00 FF FF 00 07 20 00 08 01 00 1F 00 1F 00 00 01 31 2D 00 00 04 1D 00 00 07 00 00 00 00 00 00 00 00 00 00 00 00 00 00 00 16:50:08:549
