00 FF FF 00 00 21 00 08 08 01 00 00 00 00 00 00 00 00 01 00 00 0B BB 00 00 00 00 00 00 00 00 00 00 00 00 00 00 00 00 00 00 15:54:20:349
00 FF FF 00 00 21 00 08 07 01 00 01 00 01 00 00 00 00 05 00 00 0B C4 00 00 00 00 00 00 00 00 00 00 00 00 00 00 00 00 00 00 15:54:20:362
00 FF FF 00 00 21 00 08 06 01 00 02 00 02 00 00 00 00 19 00 00 0B CF 00 00 00 00 00 00 00 00 00 00 00 00 00 00 00 00 00 00 15:54:20:405
00 FF FF 00 00 21 00 08 05 01 00 03 00 03 00 00 00 00 7D 00 00 0B DB 00 00 00 00 00 00 00 00 00 00 00 00 00 00 00 00 00 00 15:54:20:407
00 FF FF 00 00 21 00 08 04 01 00 04 00 04 00 00 00 02 71 00 00 0B E7 00 00 00 00 00 00 00 00 00 00 00 00 00 00 00 00 00 00 15:54:20:409
00 FF FF 00 00 21 00 08 03 01 00 05 00 05 00 00 00 0C 35 00 00 0B F2 00 00 00 00 00 00 00 00 00 00 00 00 00 00 00 00 00 00 15:54:20:410
00 FF FF 00 00 21 00 08 02 01 00 06 00 06 00 00 00 3D 09 00 00 0B FE 00 00 00 00 00 00 00 00 00 00 00 00 00 00 00 00 00 00 15:54:20:420
00 FF FF 00 00 21 00 08 01 01 00 07 00 07 00 00 01 31 2D 00 00 0C 0A 00 00 00 00 00 00 00 00 00 00 00 00 00 00 00 00 00 00 15:54:20:436
00 FF FF 00 01 21 00 08 04 02 00 00 00 01 00 00 00 00 00 00 00 22 9D 00 00 01 FF FF 00 00 00 00 00 00 00 00 00 00 00 00 00 15:54:20:548
00 FF FF 00 01 21 00 08 03 02 00 02 00 03 00 00 00 00 19 00 00 22 A7 00 00 01 FF FF 00 00 00 00 00 00 00 00 00 00 00 00 00 15:54:20:549
00 FF FF 00 01 21 00 08 02 02 00 04 00 05 00 00 00 00 00 00 00 22 B3 00 00 01 FF FF 00 00 00 00 00 00 00 00 00 00 00 00 00 15:54:20:564
00 FF FF 00 01 21 00 08 01 02 00 06 00 07 00 00 00 3D 09 00 00 22 BE 00 00 01 FF FF 00 00 00 00 00 00 00 00 00 00 00 00 00 15:54:20:580
00 FF FF 00 02 21 00 08 04 02 00 00 00 01 00 00 00 00 03 00 00 16 6C 00 00 02 FF FF 00 00 00 00 00 00 00 00 00 00 00 00 00 15:54:20:628
00 FF FF 00 02 21 00 08 03 02 00 02 00 03 00 00 00 00 19 00 00 16 B6 00 00 02 FF FF 00 00 00 00 00 00 00 00 00 00 00 00 00 15:54:20:671
00 FF FF 00 02 21 00 08 02 02 00 04 00 05 00 00 00 09 C4 00 00 16 C1 00 00 02 FF FF 00 00 00 00 00 00 00 00 00 00 00 00 00 15:54:20:672
00 FF FF 00 02 21 00 08 01 02 00 06 00 07 00 00 00 00 00 00 00 16 CD 00 00 02 FF FF 00 00 00 00 00 00 00 00 00 00 00 00 00 15:54:20:674
00 FF FF 00 01 21 00 08 00 06 00 00 00 00 08 00 00 00 00 00 00 23 8D 00 00 01 FF FF 00 00 00 00 00 00 00 00 00 00 00 00 00 15:54:20:782
00 FF FF 00 02 21 00 08 00 06 00 00 00 00 08 00 00 00 00 00 00 17 6D 00 00 02 FF FF 00 00 00 00 00 00 00 00 00 00 00 00 00 15:54:20:814
