00 FF FF 00 00 21 00 08 08 01 00 00 00 00 00 00 00 00 01 00 00 0B BB 00 00 00 00 00 00 00 00 00 00 00 00 00 00 00 00 00 00 15:36:14:991
00 FF FF 00 00 21 00 08 07 01 00 01 00 01 00 00 00 00 05 00 00 0B C4 00 00 00 00 00 00 00 00 00 00 00 00 00 00 00 00 00 00 15:36:15:031
00 FF FF 00 00 21 00 08 06 01 00 02 00 02 00 00 00 00 19 00 00 0B CF 00 00 00 00 00 00 00 00 00 00 00 00 00 00 00 00 00 00 15:36:15:033
00 FF FF 00 00 21 00 08 05 01 00 03 00 03 00 00 00 00 7D 00 00 0B DB 00 00 00 00 00 00 00 00 00 00 00 00 00 00 00 00 00 00 15:36:15:035
00 FF FF 00 00 21 00 08 04 01 00 04 00 04 00 00 00 02 71 00 00 0B E7 00 00 00 00 00 00 00 00 00 00 00 00 00 00 00 00 00 00 15:36:15:037
00 FF FF 00 00 21 00 08 03 01 00 05 00 05 00 00 00 0C 35 00 00 0B F2 00 00 00 00 00 00 00 00 00 00 00 00 00 00 00 00 00 00 15:36:15:046
00 FF FF 00 00 21 00 08 02 01 00 06 00 06 00 00 00 3D 09 00 00 0B FE 00 00 00 00 00 00 00 00 00 00 00 00 00 00 00 00 00 00 15:36:15:076
00 FF FF 00 00 21 00 08 01 01 00 07 00 07 00 00 01 31 2D 00 00 0C 0A 00 00 00 00 00 00 00 00 00 00 00 00 00 00 00 00 00 00 15:36:15:077
00 FF FF 00 02 21 00 08 04 02 00 00 00 01 00 00 00 00 03 00 00 0D 5E 00 00 02 FF FF 00 00 00 00 00 00 00 00 00 00 00 00 00 15:36:15:235
00 FF FF 00 02 21 00 08 03 02 00 02 00 03 00 00 00 00 32 00 00 0D A5 00 00 02 FF FF 00 00 00 00 00 00 00 00 00 00 00 00 00 15:36:15:280
00 FF FF 00 02 21 00 08 02 02 00 04 00 05 00 00 00 09 C4 00 00 0D B1 00 00 02 FF FF 00 00 00 00 00 00 00 00 00 00 00 00 00 15:36:15:282
00 FF FF 00 02 21 00 08 01 02 00 06 00 07 00 00 00 7A 12 00 00 0D BC 00 00 02 FF FF 00 00 00 00 00 00 00 00 00 00 00 00 00 15:36:15:283
00 FF FF 00 01 21 00 08 04 02 00 00 00 01 00 00 00 00 02 00 00 0C 6E 00 00 01 FF FF 00 00 00 00 00 00 00 00 00 00 00 00 00 15:36:15:373
00 FF FF 00 01 21 00 08 03 02 00 02 00 03 00 00 00 00 00 00 00 0D 17 00 00 01 FF FF 00 00 00 00 00 00 00 00 00 00 00 00 00 15:36:15:375
00 FF FF 00 01 21 00 08 02 02 00 04 00 05 00 00 00 09 C4 00 00 0D 23 00 00 01 FF FF 00 00 00 00 00 00 00 00 00 00 00 00 00 15:36:15:377
00 FF FF 00 01 21 00 08 01 02 00 06 00 07 00 00 00 3D 09 00 00 0D 2F 00 00 01 FF FF 00 00 00 00 00 00 00 00 00 00 00 00 00 15:36:15:379
00 FF FF 00 01 21 00 08 00 06 00 00 00 00 08 00 00 00 00 00 00 0D 5A 00 00 01 FF FF 00 00 00 00 00 00 00 00 00 00 00 00 00 15:36:15:419
00 FF FF 00 02 21 00 08 00 06 00 00 00 00 08 00 00 00 00 00 00 0E 75 00 00 02 FF FF 00 00 00 00 00 00 00 00 00 00 00 00 00 15:36:15:515
