00 FF FF 00 07 20 00 08 01 00 00 00 00 00 00 00 00 01 00 00 75 33 00 00 07 00 00 00 00 00 00 00 00 00 00 00 00 00 00 00 17:31:58:240
00 FF FF 00 07 20 00 08 01 00 01 00 01 00 00 00 00 05 00 00 75 42 00 00 07 00 00 00 00 00 00 00 00 00 00 00 00 00 00 00 17:31:58:243
00 FF FF 00 07 20 00 08 01 00 02 00 02 00 00 00 00 19 00 00 75 4E 00 00 07 00 00 00 00 00 00 00 00 00 00 00 00 00 00 00 17:31:58:244
00 FF FF 00 07 20 00 08 01 00 03 00 03 00 00 00 00 7D 00 00 75 59 00 00 07 00 00 00 00 00 00 00 00 00 00 00 00 00 00 00 17:31:58:245
00 FF FF 00 07 20 00 08 01 00 04 00 04 00 00 00 02 71 00 00 75 65 00 00 07 00 00 00 00 00 00 00 00 00 00 00 00 00 00 00 17:31:58:282
00 FF FF 00 07 20 00 08 01 00 05 00 05 00 00 00 0C 35 00 00 75 70 00 00 07 00 00 00 00 00 00 00 00 00 00 00 00 00 00 00 17:31:58:284
00 FF FF 00 07 20 00 08 01 00 06 00 06 00 00 00 3D 09 00 00 75 7C 00 00 07 00 00 00 00 00 00 00 00 00 00 00 00 00 00 00 17:31:58:286
00 FF FF 00 07 20 00 08 01 00 07 00 07 00 00 01 31 2D 00 00 75 87 00 00 07 00 00 00 00 00 00 00 00 00 00 00 00 00 00 00 17:31:58:287
00 FF FF 00 04 20 00 08 02 00 00 00 01 00 00 00 00 01 00 00 7A BF 00 00 04 FF FF 00 00 00 00 00 00 00 00 00 00 00 00 00 17:31:58:377
00 FF FF 00 05 20 00 08 02 00 00 00 01 00 00 00 00 04 00 00 79 99 00 00 05 FF FF 00 00 00 00 00 00 00 00 00 00 00 00 00 17:31:58:393
00 FF FF 00 03 20 00 08 02 00 00 00 01 00 00 00 00 01 00 00 7A 9F 00 00 03 FF FF 00 00 00 00 00 00 00 00 00 00 00 00 00 17:31:58:411
00 FF FF 00 04 20 00 08 02 00 02 00 03 00 00 00 00 64 00 00 7A BF 00 00 04 FF FF 00 00 00 00 00 00 00 00 00 00 00 00 00 17:31:58:426
00 FF FF 00 05 20 00 08 02 00 02 00 03 00 00 00 00 19 00 00 79 99 00 00 05 FF FF 00 00 00 00 00 00 00 00 00 00 00 00 00 17:31:58:443
00 FF FF 00 03 20 00 08 02 00 02 00 03 00 00 00 00 4B 00 00 7A 9F 00 00 03 FF FF 00 00 00 00 00 00 00 00 00 00 00 00 00 17:31:58:458
00 FF FF 00 00 20 00 08 02 00 00 00 01 00 00 00 00 02 00 00 79 88 00 00 00 FF FF 00 00 00 00 00 00 00 00 00 00 00 00 00 17:31:58:473
00 FF FF 00 04 20 00 08 02 00 04 00 05 00 00 00 04 E2 00 00 7A BF 00 00 04 FF FF 00 00 00 00 00 00 00 00 00 00 00 00 00 17:31:58:489
00 FF FF 00 05 20 00 08 02 00 04 00 05 00 00 00 00 00 00 00 79 99 00 00 05 FF FF 00 00 00 00 00 00 00 00 00 00 00 00 00 17:31:58:572
00 FF FF 00 02 20 00 08 02 00 00 00 01 00 00 00 00 01 00 00 79 28 00 00 02 FF FF 00 00 00 00 00 00 00 00 00 00 00 00 00 17:31:58:575
00 FF FF 00 01 20 00 08 02 00 00 00 01 00 00 00 00 01 00 00 79 28 00 00 01 FF FF 00 00 00 00 00 00 00 00 00 00 00 00 00 17:31:58:577
00 FF FF 00 06 20 00 08 02 00 00 00 01 00 00 00 00 03 00 00 79 2E 00 00 06 FF FF 00 00 00 00 00 00 00 00 00 00 00 00 00 17:31:58:579
00 FF FF 00 02 20 00 08 02 00 02 00 03 00 00 00 00 32 00 00 79 28 00 00 02 FF FF 00 00 00 00 00 00 00 00 00 00 00 00 00 17:31:58:581
00 FF FF 00 01 20 00 08 02 00 02 00 03 00 00 00 00 32 00 00 79 28 00 00 01 FF FF 00 00 00 00 00 00 00 00 00 00 00 00 00 17:31:58:583
00 FF FF 00 03 20 00 08 02 00 04 00 05 00 00 00 09 C4 00 00 7A 9F 00 00 03 FF FF 00 00 00 00 00 00 00 00 00 00 00 00 00 17:31:58:585
00 FF FF 00 06 20 00 08 02 00 02 00 03 00 00 00 00 19 00 00 79 2E 00 00 06 FF FF 00 00 00 00 00 00 00 00 00 00 00 00 00 17:31:58:587
00 FF FF 00 05 20 00 08 02 00 06 00 07 00 00 00 B7 1B 00 00 79 99 00 00 05 FF FF 00 00 00 00 00 00 00 00 00 00 00 00 00 17:31:58:589
00 FF FF 00 06 20 00 08 02 00 04 00 05 00 00 00 09 C4 00 00 79 2E 00 00 06 FF FF 00 00 00 00 00 00 00 00 00 00 00 00 00 17:31:58:591
00 FF FF 00 00 20 00 08 02 00 04 00 05 00 00 00 00 00 00 00 79 88 00 00 00 FF FF 00 00 00 00 00 00 00 00 00 00 00 00 00 17:31:58:593
00 FF FF 00 00 20 00 08 02 00 06 00 07 00 00 00 00 00 00 00 79 88 00 00 00 FF FF 00 00 00 00 00 00 00 00 00 00 00 00 00 17:31:58:639
00 FF FF 00 07 20 00 08 01 00 08 00 08 00 00 00 00 01 00 00 76 7C 00 00 07 00 00 00 00 00 00 00 00 00 00 00 00 00 00 00 17:31:58:641
00 FF FF 00 07 20 00 08 01 00 09 00 09 00 00 00 00 05 00 00 76 86 00 00 07 00 00 00 00 00 00 00 00 00 00 00 00 00 00 00 17:31:58:643
00 FF FF 00 07 20 00 08 01 00 0A 00 0A 00 00 00 00 19 00 00 76 91 00 00 07 00 00 00 00 00 00 00 00 00 00 00 00 00 00 00 17:31:58:646
00 FF FF 00 07 20 00 08 01 00 0B 00 0B 00 00 00 00 7D 00 00 76 9D 00 00 07 00 00 00 00 00 00 00 00 00 00 00 00 00 00 00 17:31:58:648
00 FF FF 00 07 20 00 08 01 00 0C 00 0C 00 00 00 02 71 00 00 76 A8 00 00 07 00 00 00 00 00 00 00 00 00 00 00 00 00 00 00 17:31:58:650
00 FF FF 00 07 20 00 08 01 00 0D 00 0D 00 00 00 0C 35 00 00 76 B4 00 00 07 00 00 00 00 00 00 00 00 00 00 00 00 00 00 00 17:31:58:653
00 FF FF 00 07 20 00 08 01 00 0E 00 0E 00 00 00 3D 09 00 00 76 BF 00 00 07 00 00 00 00 00 00 00 00 00 00 00 00 00 00 00 17:31:58:655
00 FF FF 00 07 20 00 08 01 00 0F 00 0F 00 00 01 31 2D 00 00 76 CA 00 00 07 00 00 00 00 00 00 00 00 00 00 00 00 00 00 00 17:31:58:656
00 FF FF 00 03 20 00 08 02 00 08 00 09 00 00 00 00 00 00 00 7B E2 00 00 03 FF FF 00 00 00 00 00 00 00 00 00 00 00 00 00 17:31:58:742
00 FF FF 00 02 20 00 08 02 00 08 00 09 00 00 00 00 00 00 00 7A 6B 00 00 02 FF FF 00 00 00 00 00 00 00 00 00 00 00 00 00 17:31:58:745
00 FF FF 00 03 20 00 08 02 00 0A 00 0B 00 00 00 00 32 00 00 7B E2 00 00 03 FF FF 00 00 00 00 00 00 00 00 00 00 00 00 00 17:31:58:746
00 FF FF 00 02 20 00 08 02 00 0A 00 0B 00 00 00 00 64 00 00 7A 6B 00 00 02 FF FF 00 00 00 00 00 00 00 00 00 00 00 00 00 17:31:58:748
00 FF FF 00 03 20 00 08 02 00 0C 00 0D 00 00 00 04 E2 00 00 7B E2 00 00 03 FF FF 00 00 00 00 00 00 00 00 00 00 00 00 00 17:31:58:750
00 FF FF 00 04 20 00 08 02 00 08 00 09 00 00 00 00 04 00 00 7C 03 00 00 04 FF FF 00 00 00 00 00 00 00 00 00 00 00 00 00 17:31:58:752
00 FF FF 00 03 20 00 08 02 00 0E 00 0F 00 00 00 7A 12 00 00 7B E2 00 00 03 FF FF 00 00 00 00 00 00 00 00 00 00 00 00 00 17:31:58:764
00 FF FF 00 02 20 00 08 02 00 0E 00 0F 00 00 00 00 00 00 00 7A 6B 00 00 02 FF FF 00 00 00 00 00 00 00 00 00 00 00 00 00 17:31:58:774
00 FF FF 00 05 20 00 08 02 00 08 00 09 00 00 00 00 04 00 00 7A DC 00 00 05 FF FF 00 00 00 00 00 00 00 00 00 00 00 00 00 17:31:58:790
00 FF FF 00 00 20 00 08 02 00 08 00 09 00 00 00 00 00 00 00 7A CC 00 00 00 FF FF 00 00 00 00 00 00 00 00 00 00 00 00 00 17:31:58:806
00 FF FF 00 06 20 00 08 02 00 08 00 09 00 00 00 00 02 00 00 7A 71 00 00 06 FF FF 00 00 00 00 00 00 00 00 00 00 00 00 00 17:31:58:884
00 FF FF 00 01 20 00 08 02 00 0A 00 0B 00 00 00 00 19 00 00 7A 6B 00 00 01 FF FF 00 00 00 00 00 00 00 00 00 00 00 00 00 17:31:58:886
00 FF FF 00 00 20 00 08 02 00 0A 00 0B 00 00 00 00 00 00 00 7A CC 00 00 00 FF FF 00 00 00 00 00 00 00 00 00 00 00 00 00 17:31:58:888
00 FF FF 00 04 20 00 08 02 00 0C 00 0D 00 00 00 07 53 00 00 7C 03 00 00 04 FF FF 00 00 00 00 00 00 00 00 00 00 00 00 00 17:31:58:890
00 FF FF 00 05 20 00 08 02 00 0A 00 0B 00 00 00 00 19 00 00 7A DC 00 00 05 FF FF 00 00 00 00 00 00 00 00 00 00 00 00 00 17:31:58:893
00 FF FF 00 06 20 00 08 02 00 0A 00 0B 00 00 00 00 00 00 00 7A 71 00 00 06 FF FF 00 00 00 00 00 00 00 00 00 00 00 00 00 17:31:58:895
00 FF FF 00 00 20 00 08 02 00 0C 00 0D 00 00 00 09 C4 00 00 7A CC 00 00 00 FF FF 00 00 00 00 00 00 00 00 00 00 00 00 00 17:31:58:897
00 FF FF 00 05 20 00 08 02 00 0C 00 0D 00 00 00 02 71 00 00 7A DC 00 00 05 FF FF 00 00 00 00 00 00 00 00 00 00 00 00 00 17:31:58:899
00 FF FF 00 06 20 00 08 02 00 0C 00 0D 00 00 00 00 00 00 00 7A 71 00 00 06 FF FF 00 00 00 00 00 00 00 00 00 00 00 00 00 17:31:58:901
00 FF FF 00 00 20 00 08 02 00 0E 00 0F 00 00 00 B7 1B 00 00 7A CC 00 00 00 FF FF 00 00 00 00 00 00 00 00 00 00 00 00 00 17:31:58:903
00 FF FF 00 01 20 00 08 02 00 0E 00 0F 00 00 00 00 00 00 00 7A 6B 00 00 01 FF FF 00 00 00 00 00 00 00 00 00 00 00 00 00 17:31:58:904
00 FF FF 00 07 20 00 08 01 00 10 00 10 00 00 00 00 01 00 00 77 C0 00 00 07 00 00 00 00 00 00 00 00 00 00 00 00 00 00 00 17:31:58:959
00 FF FF 00 07 20 00 08 01 00 11 00 11 00 00 00 00 05 00 00 77 CF 00 00 07 00 00 00 00 00 00 00 00 00 00 00 00 00 00 00 17:31:58:960
00 FF FF 00 07 20 00 08 01 00 12 00 12 00 00 00 00 19 00 00 77 DB 00 00 07 00 00 00 00 00 00 00 00 00 00 00 00 00 00 00 17:31:58:961
00 FF FF 00 07 20 00 08 01 00 13 00 13 00 00 00 00 7D 00 00 77 E6 00 00 07 00 00 00 00 00 00 00 00 00 00 00 00 00 00 00 17:31:58:962
00 FF FF 00 07 20 00 08 01 00 14 00 14 00 00 00 02 71 00 00 77 F2 00 00 07 00 00 00 00 00 00 00 00 00 00 00 00 00 00 00 17:31:58:963
00 FF FF 00 07 20 00 08 01 00 15 00 15 00 00 00 0C 35 00 00 77 FD 00 00 07 00 00 00 00 00 00 00 00 00 00 00 00 00 00 00 17:31:58:964
00 FF FF 00 07 20 00 08 01 00 16 00 16 00 00 00 3D 09 00 00 78 09 00 00 07 00 00 00 00 00 00 00 00 00 00 00 00 00 00 00 17:31:58:965
00 FF FF 00 07 20 00 08 01 00 17 00 17 00 00 01 31 2D 00 00 78 14 00 00 07 00 00 00 00 00 00 00 00 00 00 00 00 00 00 00 17:31:58:966
00 FF FF 00 05 20 00 08 02 00 10 00 11 00 00 00 00 03 00 00 7C 26 00 00 05 FF FF 00 00 00 00 00 00 00 00 00 00 00 00 00 17:31:59:025
00 FF FF 00 03 20 00 08 02 00 10 00 11 00 00 00 00 04 00 00 7D 2C 00 00 03 FF FF 00 00 00 00 00 00 00 00 00 00 00 00 00 17:31:59:041
00 FF FF 00 05 20 00 08 02 00 12 00 13 00 00 00 00 64 00 00 7C 26 00 00 05 FF FF 00 00 00 00 00 00 00 00 00 00 00 00 00 17:31:59:059
00 FF FF 00 02 20 00 08 02 00 10 00 11 00 00 00 00 02 00 00 7B B5 00 00 02 FF FF 00 00 00 00 00 00 00 00 00 00 00 00 00 17:31:59:074
00 FF FF 00 00 20 00 08 02 00 12 00 13 00 00 00 00 00 00 00 7C 15 00 00 00 FF FF 00 00 00 00 00 00 00 00 00 00 00 00 00 17:31:59:089
00 FF FF 00 06 20 00 08 02 00 10 00 11 00 00 00 00 02 00 00 7B BB 00 00 06 FF FF 00 00 00 00 00 00 00 00 00 00 00 00 00 17:31:59:105
00 FF FF 00 04 20 00 08 02 00 12 00 13 00 00 00 00 32 00 00 7D 4D 00 00 04 FF FF 00 00 00 00 00 00 00 00 00 00 00 00 00 17:31:59:122
00 FF FF 00 05 20 00 08 02 00 14 00 15 00 00 00 09 C4 00 00 7C 26 00 00 05 FF FF 00 00 00 00 00 00 00 00 00 00 00 00 00 17:31:59:198
00 FF FF 00 03 20 00 08 02 00 12 00 13 00 00 00 00 00 00 00 7D 2C 00 00 03 FF FF 00 00 00 00 00 00 00 00 00 00 00 00 00 17:31:59:200
00 FF FF 00 00 20 00 08 02 00 14 00 15 00 00 00 00 00 00 00 7C 15 00 00 00 FF FF 00 00 00 00 00 00 00 00 00 00 00 00 00 17:31:59:202
00 FF FF 00 06 20 00 08 02 00 12 00 13 00 00 00 00 64 00 00 7B BB 00 00 06 FF FF 00 00 00 00 00 00 00 00 00 00 00 00 00 17:31:59:204
00 FF FF 00 03 20 00 08 02 00 14 00 15 00 00 00 04 E2 00 00 7D 2C 00 00 03 FF FF 00 00 00 00 00 00 00 00 00 00 00 00 00 17:31:59:206
00 FF FF 00 01 20 00 08 02 00 14 00 15 00 00 00 09 C4 00 00 7B B5 00 00 01 FF FF 00 00 00 00 00 00 00 00 00 00 00 00 00 17:31:59:208
00 FF FF 00 04 20 00 08 02 00 14 00 15 00 00 00 04 E2 00 00 7D 4D 00 00 04 FF FF 00 00 00 00 00 00 00 00 00 00 00 00 00 17:31:59:210
00 FF FF 00 05 20 00 08 02 00 16 00 17 00 00 00 3D 09 00 00 7C 26 00 00 05 FF FF 00 00 00 00 00 00 00 00 00 00 00 00 00 17:31:59:212
00 FF FF 00 03 20 00 08 02 00 16 00 17 00 00 00 3D 09 00 00 7D 2C 00 00 03 FF FF 00 00 00 00 00 00 00 00 00 00 00 00 00 17:31:59:214
00 FF FF 00 01 20 00 08 02 00 16 00 17 00 00 00 00 00 00 00 7B B5 00 00 01 FF FF 00 00 00 00 00 00 00 00 00 00 00 00 00 17:31:59:216
00 FF FF 00 00 20 00 08 02 00 16 00 17 00 00 00 3D 09 00 00 7C 15 00 00 00 FF FF 00 00 00 00 00 00 00 00 00 00 00 00 00 17:31:59:218
00 FF FF 00 02 20 00 08 02 00 16 00 17 00 00 00 F4 24 00 00 7B B5 00 00 02 FF FF 00 00 00 00 00 00 00 00 00 00 00 00 00 17:31:59:260
00 FF FF 00 07 20 00 08 01 00 18 00 18 00 00 00 00 01 00 00 79 0A 00 00 07 00 00 00 00 00 00 00 00 00 00 00 00 00 00 00 17:31:59:264
00 FF FF 00 07 20 00 08 01 00 19 00 19 00 00 00 00 05 00 00 79 11 00 00 07 00 00 00 00 00 00 00 00 00 00 00 00 00 00 00 17:31:59:266
00 FF FF 00 07 20 00 08 01 00 1A 00 1A 00 00 00 00 19 00 00 79 1C 00 00 07 00 00 00 00 00 00 00 00 00 00 00 00 00 00 00 17:31:59:267
00 FF FF 00 07 20 00 08 01 00 1B 00 1B 00 00 00 00 7D 00 00 79 28 00 00 07 00 00 00 00 00 00 00 00 00 00 00 00 00 00 00 17:31:59:269
00 FF FF 00 07 20 00 08 01 00 1C 00 1C 00 00 00 02 71 00 00 79 33 00 00 07 00 00 00 00 00 00 00 00 00 00 00 00 00 00 00 17:31:59:271
00 FF FF 00 07 20 00 08 01 00 1D 00 1D 00 00 00 0C 35 00 00 79 3F 00 00 07 00 00 00 00 00 00 00 00 00 00 00 00 00 00 00 17:31:59:274
00 FF FF 00 07 20 00 08 01 00 1E 00 1E 00 00 00 3D 09 00 00 79 4A 00 00 07 00 00 00 00 00 00 00 00 00 00 00 00 00 00 00 17:31:59:276
00 FF FF 00 07 20 00 08 01 00 1F 00 1F 00 00 01 31 2D 00 00 79 56 00 00 07 00 00 00 00 00 00 00 00 00 00 00 00 00 00 00 17:31:59:277
00 FF FF 00 01 20 00 08 01 00 18 00 18 00 00 00 00 00 00 00 7C F6 00 00 01 FF FF 00 00 00 00 00 00 00 00 00 00 00 00 00 17:31:59:325
00 FF FF 00 01 20 00 08 01 00 19 00 19 00 00 00 00 00 00 00 7C F6 00 00 01 FF FF 00 00 00 00 00 00 00 00 00 00 00 00 00 17:31:59:353
00 FF FF 00 03 20 00 08 01 00 18 00 18 00 00 00 00 00 00 00 7E 6E 00 00 03 FF FF 00 00 00 00 00 00 00 00 00 00 00 00 00 17:31:59:355
00 FF FF 00 01 20 00 08 01 00 1A 00 1A 00 00 00 00 00 00 00 7C F6 00 00 01 FF FF 00 00 00 00 00 00 00 00 00 00 00 00 00 17:31:59:356
00 FF FF 00 03 20 00 08 01 00 19 00 19 00 00 00 00 00 00 00 7E 6E 00 00 03 FF FF 00 00 00 00 00 00 00 00 00 00 00 00 00 17:31:59:368
00 FF FF 00 05 20 00 08 01 00 18 00 18 00 00 00 00 00 00 00 7D 67 00 00 05 FF FF 00 00 00 00 00 00 00 00 00 00 00 00 00 17:31:59:384
00 FF FF 00 01 20 00 08 01 00 1B 00 1B 00 00 00 00 00 00 00 7C F6 00 00 01 FF FF 00 00 00 00 00 00 00 00 00 00 00 00 00 17:31:59:400
00 FF FF 00 03 20 00 08 01 00 1A 00 1A 00 00 00 00 00 00 00 7E 6E 00 00 03 FF FF 00 00 00 00 00 00 00 00 00 00 00 00 00 17:31:59:465
00 FF FF 00 05 20 00 08 01 00 19 00 19 00 00 00 00 00 00 00 7D 67 00 00 05 FF FF 00 00 00 00 00 00 00 00 00 00 00 00 00 17:31:59:467
00 FF FF 00 02 20 00 08 01 00 18 00 18 00 00 00 00 00 00 00 7C F7 00 00 02 FF FF 00 00 00 00 00 00 00 00 00 00 00 00 00 17:31:59:469
00 FF FF 00 01 20 00 08 01 00 1C 00 1C 00 00 00 00 00 00 00 7C F6 00 00 01 FF FF 00 00 00 00 00 00 00 00 00 00 00 00 00 17:31:59:470
00 FF FF 00 03 20 00 08 01 00 1B 00 1B 00 00 00 00 00 00 00 7E 6E 00 00 03 FF FF 00 00 00 00 00 00 00 00 00 00 00 00 00 17:31:59:480
00 FF FF 00 01 20 00 08 01 00 1D 00 1D 00 00 00 00 00 00 00 7C F6 00 00 01 FF FF 00 00 00 00 00 00 00 00 00 00 00 00 00 17:31:59:496
00 FF FF 00 03 20 00 08 01 00 1C 00 1C 00 00 00 00 00 00 00 7E 6E 00 00 03 FF FF 00 00 00 00 00 00 00 00 00 00 00 00 00 17:31:59:513
00 FF FF 00 05 20 00 08 01 00 1A 00 1A 00 00 00 00 00 00 00 7D 67 00 00 05 FF FF 00 00 00 00 00 00 00 00 00 00 00 00 00 17:31:59:543
00 FF FF 00 02 20 00 08 01 00 19 00 19 00 00 00 00 00 00 00 7C F7 00 00 02 FF FF 00 00 00 00 00 00 00 00 00 00 00 00 00 17:31:59:545
00 FF FF 00 01 20 00 08 01 00 1E 00 1E 00 00 00 00 00 00 00 7C F6 00 00 01 FF FF 00 00 00 00 00 00 00 00 00 00 00 00 00 17:31:59:568
00 FF FF 00 00 20 00 08 01 00 1A 00 1A 00 00 00 00 00 00 00 7D 57 00 00 00 FF FF 00 00 00 00 00 00 00 00 00 00 00 00 00 17:31:59:571
00 FF FF 00 05 20 00 08 01 00 1B 00 1B 00 00 00 00 00 00 00 7D 67 00 00 05 FF FF 00 00 00 00 00 00 00 00 00 00 00 00 00 17:31:59:572
00 FF FF 00 04 20 00 08 01 00 19 00 19 00 00 00 00 00 00 00 7E 8E 00 00 04 FF FF 00 00 00 00 00 00 00 00 00 00 00 00 00 17:31:59:643
00 FF FF 00 02 20 00 08 01 00 1A 00 1A 00 00 00 00 00 00 00 7C F7 00 00 02 FF FF 00 00 00 00 00 00 00 00 00 00 00 00 00 17:31:59:645
00 FF FF 00 04 20 00 08 01 00 1A 00 1A 00 00 00 00 00 00 00 7E 8E 00 00 04 FF FF 00 00 00 00 00 00 00 00 00 00 00 00 00 17:31:59:647
00 FF FF 00 05 20 00 08 01 00 1E 00 1E 00 00 00 00 00 00 00 7D 67 00 00 05 FF FF 00 00 00 00 00 00 00 00 00 00 00 00 00 17:31:59:649
00 FF FF 00 04 20 00 08 01 00 1B 00 1B 00 00 00 00 00 00 00 7E 8E 00 00 04 FF FF 00 00 00 00 00 00 00 00 00 00 00 00 00 17:31:59:651
00 FF FF 00 04 20 00 08 01 00 1C 00 1C 00 00 00 00 00 00 00 7E 8E 00 00 04 FF FF 00 00 00 00 00 00 00 00 00 00 00 00 00 17:31:59:653
00 FF FF 00 00 20 00 08 01 00 1E 00 1E 00 00 00 00 00 00 00 7D 57 00 00 00 FF FF 00 00 00 00 00 00 00 00 00 00 00 00 00 17:31:59:658
00 FF FF 00 02 20 00 08 01 00 1F 00 1F 00 00 00 00 00 00 00 7C F7 00 00 02 FF FF 00 00 00 00 00 00 00 00 00 00 00 00 00 17:31:59:660
00 FF FF 00 06 20 00 08 01 00 1F 00 1F 00 00 00 00 00 00 00 7C FC 00 00 06 FF FF 00 00 00 00 00 00 00 00 00 00 00 00 00 17:31:59:662
00 FF FF 00 04 20 00 08 01 00 1F 00 1F 00 00 00 00 00 00 00 7E 8E 00 00 04 FF FF 00 00 00 00 00 00 00 00 00 00 00 00 00 17:31:59:663
00 FF FF 00 06 20 00 08 06 00 00 00 00 08 00 00 00 00 00 00 7E 13 00 00 06 FF FF 00 00 00 00 00 00 00 00 00 00 00 00 00 17:31:59:680
00 FF FF 00 05 20 00 08 06 00 00 00 00 08 00 00 00 00 00 00 7E 7B 00 00 05 FF FF 00 00 00 00 00 00 00 00 00 00 00 00 00 17:31:59:682
00 FF FF 00 00 20 00 08 06 00 00 00 00 08 00 00 00 00 00 00 7E 6B 00 00 00 FF FF 00 00 00 00 00 00 00 00 00 00 00 00 00 17:31:59:684
00 FF FF 00 02 20 00 08 06 00 00 00 00 08 00 00 00 00 00 00 7E 11 00 00 02 FF FF 00 00 00 00 00 00 00 00 00 00 00 00 00 17:31:59:686
00 FF FF 00 03 20 00 08 06 00 00 00 00 08 00 00 00 00 00 00 7F 82 00 00 03 FF FF 00 00 00 00 00 00 00 00 00 00 00 00 00 17:31:59:688
