00 FF FF 00 00 21 00 08 08 01 00 00 00 00 00 00 00 00 01 00 00 0B BB 00 00 00 00 00 00 00 00 00 00 00 00 00 00 00 00 00 00 15:40:29:588
00 FF FF 00 00 21 00 08 07 01 00 01 00 01 00 00 00 00 05 00 00 0B C4 00 00 00 00 00 00 00 00 00 00 00 00 00 00 00 00 00 00 15:40:29:627
00 FF FF 00 00 21 00 08 06 01 00 02 00 02 00 00 00 00 19 00 00 0B CF 00 00 00 00 00 00 00 00 00 00 00 00 00 00 00 00 00 00 15:40:29:629
00 FF FF 00 00 21 00 08 05 01 00 03 00 03 00 00 00 00 7D 00 00 0B DB 00 00 00 00 00 00 00 00 00 00 00 00 00 00 00 00 00 00 15:40:29:631
00 FF FF 00 00 21 00 08 04 01 00 04 00 04 00 00 00 02 71 00 00 0B E7 00 00 00 00 00 00 00 00 00 00 00 00 00 00 00 00 00 00 15:40:29:632
00 FF FF 00 00 21 00 08 03 01 00 05 00 05 00 00 00 0C 35 00 00 0B F2 00 00 00 00 00 00 00 00 00 00 00 00 00 00 00 00 00 00 15:40:29:642
00 FF FF 00 00 21 00 08 02 01 00 06 00 06 00 00 00 3D 09 00 00 0B FE 00 00 00 00 00 00 00 00 00 00 00 00 00 00 00 00 00 00 15:40:29:671
00 FF FF 00 00 21 00 08 01 01 00 07 00 07 00 00 01 31 2D 00 00 0C 0A 00 00 00 00 00 00 00 00 00 00 00 00 00 00 00 00 00 00 15:40:29:672
00 FF FF 00 01 21 00 08 04 02 00 00 00 01 00 00 00 00 00 00 00 22 15 00 00 01 FF FF 00 00 00 00 00 00 00 00 00 00 00 00 00 15:40:29:828
00 FF FF 00 01 21 00 08 03 02 00 02 00 03 00 00 00 00 32 00 00 22 5B 00 00 01 FF FF 00 00 00 00 00 00 00 00 00 00 00 00 00 15:40:29:830
00 FF FF 00 01 21 00 08 02 02 00 04 00 05 00 00 00 04 E2 00 00 22 67 00 00 01 FF FF 00 00 00 00 00 00 00 00 00 00 00 00 00 15:40:29:831
00 FF FF 00 01 21 00 08 01 02 00 06 00 07 00 00 00 3D 09 00 00 22 72 00 00 01 FF FF 00 00 00 00 00 00 00 00 00 00 00 00 00 15:40:29:844
00 FF FF 00 02 21 00 08 04 02 00 00 00 01 00 00 00 00 03 00 00 15 7A 00 00 02 FF FF 00 00 00 00 00 00 00 00 00 00 00 00 00 15:40:29:908
00 FF FF 00 02 21 00 08 03 02 00 02 00 03 00 00 00 00 4B 00 00 15 FD 00 00 02 FF FF 00 00 00 00 00 00 00 00 00 00 00 00 00 15:40:29:924
00 FF FF 00 02 21 00 08 02 02 00 04 00 05 00 00 00 07 53 00 00 16 08 00 00 02 FF FF 00 00 00 00 00 00 00 00 00 00 00 00 00 15:40:29:953
00 FF FF 00 02 21 00 08 01 02 00 06 00 07 00 00 00 3D 09 00 00 16 14 00 00 02 FF FF 00 00 00 00 00 00 00 00 00 00 00 00 00 15:40:29:955
00 FF FF 00 02 21 00 08 00 06 00 00 00 00 08 00 00 00 00 00 00 16 70 00 00 02 FF FF 00 00 00 00 00 00 00 00 00 00 00 00 00 15:40:30:033
00 FF FF 00 01 21 00 08 00 06 00 00 00 00 08 00 00 00 00 00 00 23 38 00 00 01 FF FF 00 00 00 00 00 00 00 00 00 00 00 00 00 15:40:30:112
