00 FF FF 00 00 21 00 08 08 01 00 00 00 00 00 00 00 00 01 00 00 0B BB 00 00 00 00 00 00 00 00 00 00 00 00 00 00 00 00 00 00 15:40:55:940
00 FF FF 00 00 21 00 08 07 01 00 01 00 01 00 00 00 00 05 00 00 0B C4 00 00 00 00 00 00 00 00 00 00 00 00 00 00 00 00 00 00 15:40:55:942
00 FF FF 00 00 21 00 08 06 01 00 02 00 02 00 00 00 00 19 00 00 0B CF 00 00 00 00 00 00 00 00 00 00 00 00 00 00 00 00 00 00 15:40:55:943
00 FF FF 00 00 21 00 08 05 01 00 03 00 03 00 00 00 00 7D 00 00 0B DB 00 00 00 00 00 00 00 00 00 00 00 00 00 00 00 00 00 00 15:40:55:983
00 FF FF 00 00 21 00 08 04 01 00 04 00 04 00 00 00 02 71 00 00 0B E7 00 00 00 00 00 00 00 00 00 00 00 00 00 00 00 00 00 00 15:40:55:985
00 FF FF 00 00 21 00 08 03 01 00 05 00 05 00 00 00 0C 35 00 00 0B F3 00 00 00 00 00 00 00 00 00 00 00 00 00 00 00 00 00 00 15:40:55:986
00 FF FF 00 00 21 00 08 02 01 00 06 00 06 00 00 00 3D 09 00 00 0B FE 00 00 00 00 00 00 00 00 00 00 00 00 00 00 00 00 00 00 15:40:55:988
00 FF FF 00 00 21 00 08 01 01 00 07 00 07 00 00 01 31 2D 00 00 0C 0A 00 00 00 00 00 00 00 00 00 00 00 00 00 00 00 00 00 00 15:40:55:998
00 FF FF 00 01 21 00 08 04 02 00 00 00 01 00 00 00 00 01 00 00 23 AE 00 00 01 FF FF 00 00 00 00 00 00 00 00 00 00 00 00 00 15:40:56:171
00 FF FF 00 01 21 00 08 03 02 00 02 00 03 00 00 00 00 64 00 00 23 F4 00 00 01 FF FF 00 00 00 00 00 00 00 00 00 00 00 00 00 15:40:56:173
00 FF FF 00 01 21 00 08 02 02 00 04 00 05 00 00 00 07 53 00 00 23 FF 00 00 01 FF FF 00 00 00 00 00 00 00 00 00 00 00 00 00 15:40:56:175
00 FF FF 00 01 21 00 08 01 02 00 06 00 07 00 00 00 00 00 00 00 24 0B 00 00 01 FF FF 00 00 00 00 00 00 00 00 00 00 00 00 00 15:40:56:176
00 FF FF 00 02 21 00 08 04 02 00 00 00 01 00 00 00 00 04 00 00 18 C7 00 00 02 FF FF 00 00 00 00 00 00 00 00 00 00 00 00 00 15:40:56:263
00 FF FF 00 02 21 00 08 03 02 00 02 00 03 00 00 00 00 4B 00 00 19 60 00 00 02 FF FF 00 00 00 00 00 00 00 00 00 00 00 00 00 15:40:56:265
00 FF FF 00 02 21 00 08 02 02 00 04 00 05 00 00 00 04 E2 00 00 19 6B 00 00 02 FF FF 00 00 00 00 00 00 00 00 00 00 00 00 00 15:40:56:266
00 FF FF 00 02 21 00 08 01 02 00 06 00 07 00 00 00 3D 09 00 00 19 77 00 00 02 FF FF 00 00 00 00 00 00 00 00 00 00 00 00 00 15:40:56:278
00 FF FF 00 02 21 00 08 00 06 00 00 00 00 08 00 00 00 00 00 00 19 C7 00 00 02 FF FF 00 00 00 00 00 00 00 00 00 00 00 00 00 15:40:56:359
00 FF FF 00 01 21 00 08 00 06 00 00 00 00 08 00 00 00 00 00 00 24 DE 00 00 01 FF FF 00 00 00 00 00 00 00 00 00 00 00 00 00 15:40:56:439
