00 FF FF 00 07 20 00 08 01 00 00 00 00 00 00 00 00 01 00 00 00 12 00 00 07 00 00 00 00 00 00 00 00 00 00 00 00 00 00 00 16:55:42:671
00 FF FF 00 07 20 00 08 01 00 01 00 01 00 00 00 00 05 00 00 00 18 00 00 07 00 00 00 00 00 00 00 00 00 00 00 00 00 00 00 16:55:42:673
00 FF FF 00 07 20 00 08 01 00 02 00 02 00 00 00 00 19 00 00 00 24 00 00 07 00 00 00 00 00 00 00 00 00 00 00 00 00 00 00 16:55:42:674
00 FF FF 00 07 20 00 08 01 00 03 00 03 00 00 00 00 7D 00 00 00 2F 00 00 07 00 00 00 00 00 00 00 00 00 00 00 00 00 00 00 16:55:42:675
00 FF FF 00 07 20 00 08 01 00 04 00 04 00 00 00 02 71 00 00 00 3A 00 00 07 00 00 00 00 00 00 00 00 00 00 00 00 00 00 00 16:55:42:682
00 FF FF 00 07 20 00 08 01 00 05 00 05 00 00 00 0C 35 00 00 00 46 00 00 07 00 00 00 00 00 00 00 00 00 00 00 00 00 00 00 16:55:42:712
00 FF FF 00 07 20 00 08 01 00 06 00 06 00 00 00 3D 09 00 00 00 51 00 00 07 00 00 00 00 00 00 00 00 00 00 00 00 00 00 00 16:55:42:713
00 FF FF 00 07 20 00 08 01 00 07 00 07 00 00 01 31 2D 00 00 00 5D 00 00 07 00 00 00 00 00 00 00 00 00 00 00 00 00 00 00 16:55:42:715
00 FF FF 00 07 20 00 08 01 00 08 00 08 00 00 00 00 01 00 00 01 52 00 00 07 00 00 00 00 00 00 00 00 00 00 00 00 00 00 00 16:55:42:980
00 FF FF 00 07 20 00 08 01 00 09 00 09 00 00 00 00 05 00 00 01 58 00 00 07 00 00 00 00 00 00 00 00 00 00 00 00 00 00 00 16:55:42:982
00 FF FF 00 07 20 00 08 01 00 0A 00 0A 00 00 00 00 19 00 00 01 64 00 00 07 00 00 00 00 00 00 00 00 00 00 00 00 00 00 00 16:55:42:984
00 FF FF 00 07 20 00 08 01 00 0B 00 0B 00 00 00 00 7D 00 00 01 6F 00 00 07 00 00 00 00 00 00 00 00 00 00 00 00 00 00 00 16:55:42:985
00 FF FF 00 07 20 00 08 01 00 0C 00 0C 00 00 00 02 71 00 00 01 7A 00 00 07 00 00 00 00 00 00 00 00 00 00 00 00 00 00 00 16:55:43:025
00 FF FF 00 07 20 00 08 01 00 0D 00 0D 00 00 00 0C 35 00 00 01 86 00 00 07 00 00 00 00 00 00 00 00 00 00 00 00 00 00 00 16:55:43:027
00 FF FF 00 07 20 00 08 01 00 0E 00 0E 00 00 00 3D 09 00 00 01 91 00 00 07 00 00 00 00 00 00 00 00 00 00 00 00 00 00 00 16:55:43:029
00 FF FF 00 07 20 00 08 01 00 0F 00 0F 00 00 01 31 2D 00 00 01 9D 00 00 07 00 00 00 00 00 00 00 00 00 00 00 00 00 00 00 16:55:43:030
00 FF FF 00 07 20 00 08 01 00 10 00 10 00 00 00 00 01 00 00 02 92 00 00 07 00 00 00 00 00 00 00 00 00 00 00 00 00 00 00 16:55:43:293
00 FF FF 00 07 20 00 08 01 00 11 00 11 00 00 00 00 05 00 00 02 98 00 00 07 00 00 00 00 00 00 00 00 00 00 00 00 00 00 00 16:55:43:295
00 FF FF 00 07 20 00 08 01 00 12 00 12 00 00 00 00 19 00 00 02 A4 00 00 07 00 00 00 00 00 00 00 00 00 00 00 00 00 00 00 16:55:43:297
00 FF FF 00 07 20 00 08 01 00 13 00 13 00 00 00 00 7D 00 00 02 AF 00 00 07 00 00 00 00 00 00 00 00 00 00 00 00 00 00 00 16:55:43:298
00 FF FF 00 07 20 00 08 01 00 14 00 14 00 00 00 02 71 00 00 02 BA 00 00 07 00 00 00 00 00 00 00 00 00 00 00 00 00 00 00 16:55:43:337
00 FF FF 00 07 20 00 08 01 00 15 00 15 00 00 00 0C 35 00 00 02 C6 00 00 07 00 00 00 00 00 00 00 00 00 00 00 00 00 00 00 16:55:43:339
00 FF FF 00 07 20 00 08 01 00 16 00 16 00 00 00 3D 09 00 00 02 D1 00 00 07 00 00 00 00 00 00 00 00 00 00 00 00 00 00 00 16:55:43:341
00 FF FF 00 07 20 00 08 01 00 17 00 17 00 00 01 31 2D 00 00 02 DD 00 00 07 00 00 00 00 00 00 00 00 00 00 00 00 00 00 00 16:55:43:342
00 FF FF 00 07 20 00 08 01 00 18 00 18 00 00 00 00 01 00 00 03 D2 00 00 07 00 00 00 00 00 00 00 00 00 00 00 00 00 00 00 16:55:43:605
00 FF FF 00 07 20 00 08 01 00 19 00 19 00 00 00 00 05 00 00 03 D8 00 00 07 00 00 00 00 00 00 00 00 00 00 00 00 00 00 00 16:55:43:607
00 FF FF 00 07 20 00 08 01 00 1A 00 1A 00 00 00 00 19 00 00 03 E3 00 00 07 00 00 00 00 00 00 00 00 00 00 00 00 00 00 00 16:55:43:609
00 FF FF 00 07 20 00 08 01 00 1B 00 1B 00 00 00 00 7D 00 00 03 EF 00 00 07 00 00 00 00 00 00 00 00 00 00 00 00 00 00 00 16:55:43:610
00 FF FF 00 07 20 00 08 01 00 1C 00 1C 00 00 00 02 71 00 00 03 FA 00 00 07 00 00 00 00 00 00 00 00 00 00 00 00 00 00 00 16:55:43:649
00 FF FF 00 07 20 00 08 01 00 1D 00 1D 00 00 00 0C 35 00 00 04 06 00 00 07 00 00 00 00 00 00 00 00 00 00 00 00 00 00 00 16:55:43:651
00 FF FF 00 07 20 00 08 01 00 1E 00 1E 00 00 00 3D 09 00 00 04 11 00 00 07 00 00 00 00 00 00 00 00 00 00 00 00 00 00 00 16:55:43:653
00 FF FF 00 07 20 00 08 01 00 1F 00 1F 00 00 01 31 2D 00 00 04 1C 00 00 07 00 00 00 00 00 00 00 00 00 00 00 00 00 00 00 16:55:43:655
