00 FF FF 00 07 20 00 08 01 00 00 00 00 00 00 00 00 01 00 00 00 12 00 00 07 00 00 00 00 00 00 00 00 00 00 00 00 00 00 00 17:01:11:532
00 FF FF 00 07 20 00 08 01 00 01 00 01 00 00 00 00 05 00 00 00 18 00 00 07 00 00 00 00 00 00 00 00 00 00 00 00 00 00 00 17:01:11:533
00 FF FF 00 07 20 00 08 01 00 02 00 02 00 00 00 00 19 00 00 00 24 00 00 07 00 00 00 00 00 00 00 00 00 00 00 00 00 00 00 17:01:11:534
00 FF FF 00 07 20 00 08 01 00 03 00 03 00 00 00 00 7D 00 00 00 2F 00 00 07 00 00 00 00 00 00 00 00 00 00 00 00 00 00 00 17:01:11:535
00 FF FF 00 07 20 00 08 01 00 04 00 04 00 00 00 02 71 00 00 00 3B 00 00 07 00 00 00 00 00 00 00 00 00 00 00 00 00 00 00 17:01:11:572
00 FF FF 00 07 20 00 08 01 00 05 00 05 00 00 00 0C 35 00 00 00 46 00 00 07 00 00 00 00 00 00 00 00 00 00 00 00 00 00 00 17:01:11:574
00 FF FF 00 07 20 00 08 01 00 06 00 06 00 00 00 3D 09 00 00 00 51 00 00 07 00 00 00 00 00 00 00 00 00 00 00 00 00 00 00 17:01:11:575
00 FF FF 00 07 20 00 08 01 00 07 00 07 00 00 01 31 2D 00 00 00 5D 00 00 07 00 00 00 00 00 00 00 00 00 00 00 00 00 00 00 17:01:11:576
00 FF FF 00 06 20 00 08 02 00 00 00 01 00 00 00 00 02 00 00 02 D8 00 00 06 FF FF 00 00 00 00 00 00 00 00 00 00 00 00 00 17:01:11:650
00 FF FF 00 06 20 00 08 02 00 02 00 03 00 00 00 00 64 00 00 02 D8 00 00 06 FF FF 00 00 00 00 00 00 00 00 00 00 00 00 00 17:01:11:682
00 FF FF 00 03 20 00 08 02 00 00 00 01 00 00 00 00 01 00 00 03 DA 00 00 03 FF FF 00 00 00 00 00 00 00 00 00 00 00 00 00 17:01:11:684
00 FF FF 00 04 20 00 08 02 00 00 00 01 00 00 00 00 01 00 00 03 E4 00 00 04 FF FF 00 00 00 00 00 00 00 00 00 00 00 00 00 17:01:11:712
00 FF FF 00 06 20 00 08 02 00 04 00 05 00 00 00 07 53 00 00 02 D8 00 00 06 FF FF 00 00 00 00 00 00 00 00 00 00 00 00 00 17:01:11:714
00 FF FF 00 03 20 00 08 02 00 02 00 03 00 00 00 00 32 00 00 03 DA 00 00 03 FF FF 00 00 00 00 00 00 00 00 00 00 00 00 00 17:01:11:724
00 FF FF 00 05 20 00 08 02 00 00 00 01 00 00 00 00 01 00 00 02 ED 00 00 05 FF FF 00 00 00 00 00 00 00 00 00 00 00 00 00 17:01:11:756
00 FF FF 00 06 20 00 08 02 00 06 00 07 00 00 00 3D 09 00 00 02 D8 00 00 06 FF FF 00 00 00 00 00 00 00 00 00 00 00 00 00 17:01:11:757
00 FF FF 00 04 20 00 08 02 00 02 00 03 00 00 00 00 00 00 00 03 E4 00 00 04 FF FF 00 00 00 00 00 00 00 00 00 00 00 00 00 17:01:11:758
00 FF FF 00 00 20 00 08 02 00 02 00 03 00 00 00 00 00 00 00 03 36 00 00 00 FF FF 00 00 00 00 00 00 00 00 00 00 00 00 00 17:01:11:772
00 FF FF 00 05 20 00 08 02 00 02 00 03 00 00 00 00 64 00 00 02 ED 00 00 05 FF FF 00 00 00 00 00 00 00 00 00 00 00 00 00 17:01:11:863
00 FF FF 00 01 20 00 08 02 00 00 00 01 00 00 00 00 01 00 00 03 77 00 00 01 FF FF 00 00 00 00 00 00 00 00 00 00 00 00 00 17:01:11:865
00 FF FF 00 02 20 00 08 02 00 00 00 01 00 00 00 00 00 00 00 04 19 00 00 02 FF FF 00 00 00 00 00 00 00 00 00 00 00 00 00 17:01:11:867
00 FF FF 00 03 20 00 08 02 00 04 00 05 00 00 00 04 E2 00 00 03 DA 00 00 03 FF FF 00 00 00 00 00 00 00 00 00 00 00 00 00 17:01:11:868
00 FF FF 00 01 20 00 08 02 00 02 00 03 00 00 00 00 32 00 00 03 77 00 00 01 FF FF 00 00 00 00 00 00 00 00 00 00 00 00 00 17:01:11:869
00 FF FF 00 05 20 00 08 02 00 04 00 05 00 00 00 00 00 00 00 02 ED 00 00 05 FF FF 00 00 00 00 00 00 00 00 00 00 00 00 00 17:01:11:870
00 FF FF 00 04 20 00 08 02 00 04 00 05 00 00 00 09 C4 00 00 03 E4 00 00 04 FF FF 00 00 00 00 00 00 00 00 00 00 00 00 00 17:01:11:872
00 FF FF 00 01 20 00 08 02 00 04 00 05 00 00 00 07 53 00 00 03 77 00 00 01 FF FF 00 00 00 00 00 00 00 00 00 00 00 00 00 17:01:11:873
00 FF FF 00 02 20 00 08 02 00 02 00 03 00 00 00 00 32 00 00 04 19 00 00 02 FF FF 00 00 00 00 00 00 00 00 00 00 00 00 00 17:01:11:874
00 FF FF 00 00 20 00 08 02 00 06 00 07 00 00 00 F4 24 00 00 03 36 00 00 00 FF FF 00 00 00 00 00 00 00 00 00 00 00 00 00 17:01:11:875
00 FF FF 00 04 20 00 08 02 00 06 00 07 00 00 00 F4 24 00 00 03 E4 00 00 04 FF FF 00 00 00 00 00 00 00 00 00 00 00 00 00 17:01:11:876
00 FF FF 00 02 20 00 08 02 00 04 00 05 00 00 00 09 C4 00 00 04 19 00 00 02 FF FF 00 00 00 00 00 00 00 00 00 00 00 00 00 17:01:11:893
00 FF FF 00 02 20 00 08 02 00 06 00 07 00 00 00 F4 24 00 00 04 19 00 00 02 FF FF 00 00 00 00 00 00 00 00 00 00 00 00 00 17:01:11:895
00 FF FF 00 07 20 00 08 01 00 08 00 08 00 00 00 00 01 00 00 01 53 00 00 07 00 00 00 00 00 00 00 00 00 00 00 00 00 00 00 17:01:11:898
00 FF FF 00 07 20 00 08 01 00 09 00 09 00 00 00 00 05 00 00 01 59 00 00 07 00 00 00 00 00 00 00 00 00 00 00 00 00 00 00 17:01:11:899
00 FF FF 00 07 20 00 08 01 00 0A 00 0A 00 00 00 00 19 00 00 01 64 00 00 07 00 00 00 00 00 00 00 00 00 00 00 00 00 00 00 17:01:11:954
00 FF FF 00 07 20 00 08 01 00 0B 00 0B 00 00 00 00 7D 00 00 01 70 00 00 07 00 00 00 00 00 00 00 00 00 00 00 00 00 00 00 17:01:11:956
00 FF FF 00 07 20 00 08 01 00 0C 00 0C 00 00 00 02 71 00 00 01 7B 00 00 07 00 00 00 00 00 00 00 00 00 00 00 00 00 00 00 17:01:11:958
00 FF FF 00 07 20 00 08 01 00 0D 00 0D 00 00 00 0C 35 00 00 01 87 00 00 07 00 00 00 00 00 00 00 00 00 00 00 00 00 00 00 17:01:11:960
00 FF FF 00 07 20 00 08 01 00 0E 00 0E 00 00 00 3D 09 00 00 01 92 00 00 07 00 00 00 00 00 00 00 00 00 00 00 00 00 00 00 17:01:11:962
00 FF FF 00 07 20 00 08 01 00 0F 00 0F 00 00 01 31 2D 00 00 01 9E 00 00 07 00 00 00 00 00 00 00 00 00 00 00 00 00 00 00 17:01:11:964
00 FF FF 00 00 20 00 08 01 00 08 00 08 01 00 00 00 00 00 00 03 36 7F 00 00 00 07 00 00 00 00 00 00 00 00 00 00 00 00 00 17:01:11:966
00 FF FF 00 06 20 00 08 01 00 08 00 08 01 00 00 00 00 00 00 02 D8 7F 00 06 00 07 00 00 00 00 00 00 00 00 00 00 00 00 00 17:01:11:968
00 FF FF 00 03 20 00 08 01 00 08 00 08 01 00 00 00 00 00 00 03 DA 7F 00 03 00 07 00 00 00 00 00 00 00 00 00 00 00 00 00 17:01:11:970
00 FF FF 00 07 20 00 08 01 00 08 00 08 02 00 00 00 00 00 00 01 9E 7F 00 07 FF FF 00 00 00 00 00 00 00 00 00 00 00 00 00 17:01:11:982
00 FF FF 00 01 20 00 08 02 00 08 00 09 00 00 00 00 02 00 00 04 B8 00 00 01 FF FF 00 00 00 00 00 00 00 00 00 00 00 00 00 17:01:11:984
00 FF FF 00 07 20 00 08 01 00 09 00 09 02 00 00 00 00 00 00 01 9E 3F 00 07 FF FF 00 00 00 00 00 00 00 00 00 00 00 00 00 17:01:11:986
00 FF FF 00 05 20 00 08 02 00 08 00 09 00 00 00 00 02 00 00 04 2E 00 00 05 FF FF 00 00 00 00 00 00 00 00 00 00 00 00 00 17:01:11:998
00 FF FF 00 01 20 00 08 02 00 0A 00 0B 00 00 00 00 00 00 00 04 B8 00 00 01 FF FF 00 00 00 00 00 00 00 00 00 00 00 00 00 17:01:12:014
00 FF FF 00 07 20 00 08 01 00 0A 00 0A 02 00 00 00 00 00 00 01 9E 1F 00 07 FF FF 00 00 00 00 00 00 00 00 00 00 00 00 00 17:01:12:095
00 FF FF 00 05 20 00 08 02 00 0A 00 0B 00 00 00 00 64 00 00 04 2E 00 00 05 FF FF 00 00 00 00 00 00 00 00 00 00 00 00 00 17:01:12:097
00 FF FF 00 01 20 00 08 02 00 0C 00 0D 00 00 00 07 53 00 00 04 B8 00 00 01 FF FF 00 00 00 00 00 00 00 00 00 00 00 00 00 17:01:12:099
00 FF FF 00 07 20 00 08 01 00 0B 00 0B 02 00 00 00 00 00 00 01 9E 0F 00 07 FF FF 00 00 00 00 00 00 00 00 00 00 00 00 00 17:01:12:101
00 FF FF 00 04 20 00 08 02 00 08 00 09 00 00 00 00 02 00 00 05 25 00 00 04 FF FF 00 00 00 00 00 00 00 00 00 00 00 00 00 17:01:12:103
00 FF FF 00 01 20 00 08 02 00 0E 00 0F 00 00 00 7A 12 00 00 04 B8 00 00 01 FF FF 00 00 00 00 00 00 00 00 00 00 00 00 00 17:01:12:105
00 FF FF 00 05 20 00 08 02 00 0C 00 0D 00 00 00 04 E2 00 00 04 2E 00 00 05 FF FF 00 00 00 00 00 00 00 00 00 00 00 00 00 17:01:12:107
00 FF FF 00 07 20 00 08 01 00 0C 00 0C 02 00 00 00 00 00 00 01 9E 07 00 07 FF FF 00 00 00 00 00 00 00 00 00 00 00 00 00 17:01:12:109
00 FF FF 00 04 20 00 08 02 00 0A 00 0B 00 00 00 00 4B 00 00 05 25 00 00 04 FF FF 00 00 00 00 00 00 00 00 00 00 00 00 00 17:01:12:111
00 FF FF 00 07 20 00 08 01 00 0D 00 0D 02 00 00 00 00 00 00 01 9E 03 00 07 FF FF 00 00 00 00 00 00 00 00 00 00 00 00 00 17:01:12:113
00 FF FF 00 05 20 00 08 02 00 0E 00 0F 00 00 00 B7 1B 00 00 04 2E 00 00 05 FF FF 00 00 00 00 00 00 00 00 00 00 00 00 00 17:01:12:114
00 FF FF 00 04 20 00 08 02 00 0C 00 0D 00 00 00 04 E2 00 00 05 25 00 00 04 FF FF 00 00 00 00 00 00 00 00 00 00 00 00 00 17:01:12:126
00 FF FF 00 07 20 00 08 01 00 0E 00 0E 02 00 00 00 00 00 00 01 9E 01 00 07 FF FF 00 00 00 00 00 00 00 00 00 00 00 00 00 17:01:12:128
00 FF FF 00 04 20 00 08 02 00 0E 00 0F 00 00 00 B7 1B 00 00 05 25 00 00 04 FF FF 00 00 00 00 00 00 00 00 00 00 00 00 00 17:01:12:129
00 FF FF 00 03 20 00 08 01 00 08 00 08 01 00 00 00 00 00 00 03 DA FC 00 03 00 07 00 00 00 00 00 00 00 00 00 00 00 00 00 17:01:12:157
00 FF FF 00 04 20 00 08 01 00 0A 00 0A 02 00 00 00 00 00 00 05 25 3F 00 04 FF FF 00 00 00 00 00 00 00 00 00 00 00 00 00 17:01:12:203
00 FF FF 00 04 20 00 08 01 00 0B 00 0B 02 00 00 00 00 00 00 05 25 1F 00 04 FF FF 00 00 00 00 00 00 00 00 00 00 00 00 00 17:01:12:205
00 FF FF 00 02 20 00 08 01 00 10 00 10 01 00 00 00 00 00 00 05 5B FF 00 02 00 07 00 00 00 00 00 00 00 00 00 00 00 00 00 17:01:12:206
00 FF FF 00 01 20 00 08 01 00 10 00 10 01 00 00 00 00 00 00 04 B8 FF 00 01 00 07 00 00 00 00 00 00 00 00 00 00 00 00 00 17:01:12:296
00 FF FF 00 04 20 00 08 01 00 0C 00 0C 02 00 00 00 00 00 00 05 25 0F 00 04 FF FF 00 00 00 00 00 00 00 00 00 00 00 00 00 17:01:12:298
00 FF FF 00 05 20 00 08 01 00 10 00 10 01 00 00 00 00 00 00 04 2E FF 00 05 00 07 00 00 00 00 00 00 00 00 00 00 00 00 00 17:01:12:300
00 FF FF 00 07 20 00 08 01 00 0A 00 0A 02 00 00 00 00 00 00 01 9E 3F 00 07 FF FF 00 00 00 00 00 00 00 00 00 00 00 00 00 17:01:12:302
00 FF FF 00 04 20 00 08 01 00 0D 00 0D 02 00 00 00 00 00 00 05 25 07 00 04 FF FF 00 00 00 00 00 00 00 00 00 00 00 00 00 17:01:12:304
00 FF FF 00 07 20 00 08 01 00 0B 00 0B 02 00 00 00 00 00 00 01 9E 1F 00 07 FF FF 00 00 00 00 00 00 00 00 00 00 00 00 00 17:01:12:306
00 FF FF 00 07 20 00 08 01 00 0C 00 0C 02 00 00 00 00 00 00 01 9E 0F 00 07 FF FF 00 00 00 00 00 00 00 00 00 00 00 00 00 17:01:12:308
00 FF FF 00 07 20 00 08 01 00 0D 00 0D 02 00 00 00 00 00 00 01 9E 07 00 07 FF FF 00 00 00 00 00 00 00 00 00 00 00 00 00 17:01:12:310
00 FF FF 00 07 20 00 08 01 00 0E 00 0E 02 00 00 00 00 00 00 01 9E 03 00 07 FF FF 00 00 00 00 00 00 00 00 00 00 00 00 00 17:01:12:312
00 FF FF 00 07 20 00 08 01 00 0F 00 0F 02 00 00 00 00 00 00 01 9E 01 00 07 FF FF 00 00 00 00 00 00 00 00 00 00 00 00 00 17:01:12:313
00 FF FF 00 04 20 00 08 01 00 10 00 10 01 00 00 00 00 00 00 05 25 FF 00 04 00 07 00 00 00 00 00 00 00 00 00 00 00 00 00 17:01:12:359
00 FF FF 00 06 20 00 08 01 00 08 00 08 01 00 00 00 00 00 00 02 D8 E8 00 06 00 07 00 00 00 00 00 00 00 00 00 00 00 00 00 17:01:12:391
00 FF FF 00 07 20 00 08 01 00 0B 00 0B 02 00 00 00 00 00 00 01 9E 1D 00 07 FF FF 00 00 00 00 00 00 00 00 00 00 00 00 00 17:01:12:408
00 FF FF 00 07 20 00 08 01 00 0D 00 0D 02 00 00 00 00 00 00 01 9E 07 00 07 FF FF 00 00 00 00 00 00 00 00 00 00 00 00 00 17:01:12:451
00 FF FF 00 07 20 00 08 01 00 0E 00 0E 02 00 00 00 00 00 00 01 9E 03 00 07 FF FF 00 00 00 00 00 00 00 00 00 00 00 00 00 17:01:12:452
00 FF FF 00 07 20 00 08 01 00 0F 00 0F 02 00 00 00 00 00 00 01 9E 01 00 07 FF FF 00 00 00 00 00 00 00 00 00 00 00 00 00 17:01:12:453
00 FF FF 00 02 20 00 08 01 00 10 00 10 01 00 00 00 00 00 00 05 5B FF 00 02 FF FF 00 00 00 00 00 00 00 00 00 00 00 00 00 17:01:12:512
00 FF FF 00 00 20 00 08 01 00 08 00 08 01 00 00 00 00 00 00 03 36 80 00 00 00 07 00 00 00 00 00 00 00 00 00 00 00 00 00 17:01:12:657
00 FF FF 00 04 20 00 08 01 00 0F 00 0F 02 00 00 00 00 00 00 05 25 01 00 04 FF FF 00 00 00 00 00 00 00 00 00 00 00 00 00 17:01:12:700
00 FF FF 00 07 20 00 08 01 00 0F 00 0F 02 00 00 00 00 00 00 01 9E 01 00 07 FF FF 00 00 00 00 00 00 00 00 00 00 00 00 00 17:01:12:701
00 FF FF 00 07 20 00 08 01 00 10 00 10 00 00 00 00 01 00 00 04 F5 00 00 07 FF FF 00 00 00 00 00 00 00 00 00 00 00 00 00 17:01:12:715
00 FF FF 00 07 20 00 08 01 00 11 00 11 00 00 00 00 05 00 00 04 FB 00 00 07 FF FF 00 00 00 00 00 00 00 00 00 00 00 00 00 17:01:12:761
00 FF FF 00 07 20 00 08 01 00 12 00 12 00 00 00 00 19 00 00 05 06 00 00 07 FF FF 00 00 00 00 00 00 00 00 00 00 00 00 00 17:01:12:762
00 FF FF 00 07 20 00 08 01 00 13 00 13 00 00 00 00 7D 00 00 05 12 00 00 07 FF FF 00 00 00 00 00 00 00 00 00 00 00 00 00 17:01:12:763
00 FF FF 00 07 20 00 08 01 00 14 00 14 00 00 00 02 71 00 00 05 1D 00 00 07 FF FF 00 00 00 00 00 00 00 00 00 00 00 00 00 17:01:12:764
00 FF FF 00 07 20 00 08 01 00 15 00 15 00 00 00 0C 35 00 00 05 29 00 00 07 FF FF 00 00 00 00 00 00 00 00 00 00 00 00 00 17:01:12:789
00 FF FF 00 06 20 00 08 02 00 08 00 09 00 00 00 00 03 00 00 07 21 00 00 06 FF FF 00 00 00 00 00 00 00 00 00 00 00 00 00 17:01:12:790
00 FF FF 00 07 20 00 08 01 00 16 00 16 00 00 00 3D 09 00 00 05 34 00 00 07 FF FF 00 00 00 00 00 00 00 00 00 00 00 00 00 17:01:12:871
00 FF FF 00 06 20 00 08 02 00 0A 00 0B 00 00 00 00 00 00 00 07 21 00 00 06 FF FF 00 00 00 00 00 00 00 00 00 00 00 00 00 17:01:12:873
00 FF FF 00 00 20 00 08 02 00 08 00 09 00 00 00 00 02 00 00 07 7F 00 00 00 FF FF 00 00 00 00 00 00 00 00 00 00 00 00 00 17:01:12:875
00 FF FF 00 07 20 00 08 01 00 17 00 17 00 00 01 31 2D 00 00 05 43 00 00 07 FF FF 00 00 00 00 00 00 00 00 00 00 00 00 00 17:01:12:877
00 FF FF 00 06 20 00 08 02 00 0C 00 0D 00 00 00 02 71 00 00 07 21 00 00 06 FF FF 00 00 00 00 00 00 00 00 00 00 00 00 00 17:01:12:879
00 FF FF 00 00 20 00 08 02 00 0A 00 0B 00 00 00 00 4B 00 00 07 7F 00 00 00 FF FF 00 00 00 00 00 00 00 00 00 00 00 00 00 17:01:12:880
00 FF FF 00 06 20 00 08 02 00 0E 00 0F 00 00 00 7A 12 00 00 07 21 00 00 06 FF FF 00 00 00 00 00 00 00 00 00 00 00 00 00 17:01:12:881
00 FF FF 00 00 20 00 08 02 00 0C 00 0D 00 00 00 02 71 00 00 07 7F 00 00 00 FF FF 00 00 00 00 00 00 00 00 00 00 00 00 00 17:01:12:882
00 FF FF 00 00 20 00 08 02 00 0E 00 0F 00 00 00 3D 09 00 00 07 7F 00 00 00 FF FF 00 00 00 00 00 00 00 00 00 00 00 00 00 17:01:12:883
00 FF FF 00 01 20 00 08 01 00 10 00 10 01 00 00 00 00 00 00 04 B8 C0 00 01 00 07 00 00 00 00 00 00 00 00 00 00 00 00 00 17:01:12:915
00 FF FF 00 00 20 00 08 01 00 10 00 10 01 00 00 00 00 00 00 07 7F DE 00 00 00 07 00 00 00 00 00 00 00 00 00 00 00 00 00 17:01:12:956
00 FF FF 00 07 20 00 08 01 00 16 00 16 02 00 00 00 00 00 00 05 43 03 00 07 FF FF 00 00 00 00 00 00 00 00 00 00 00 00 00 17:01:12:958
00 FF FF 00 07 20 00 08 01 00 17 00 17 02 00 00 00 00 00 00 05 43 01 00 07 FF FF 00 00 00 00 00 00 00 00 00 00 00 00 00 17:01:12:959
00 FF FF 00 02 20 00 08 01 00 10 00 10 00 00 00 00 00 00 00 09 7F 00 00 02 FF FF 00 00 00 00 00 00 00 00 00 00 00 00 00 17:01:13:049
00 FF FF 00 05 20 00 08 01 00 10 00 10 00 00 00 00 00 00 00 08 53 00 00 05 FF FF 00 00 00 00 00 00 00 00 00 00 00 00 00 17:01:13:051
00 FF FF 00 02 20 00 08 01 00 11 00 11 00 00 00 00 00 00 00 09 7F 00 00 02 FF FF 00 00 00 00 00 00 00 00 00 00 00 00 00 17:01:13:053
00 FF FF 00 05 20 00 08 01 00 11 00 11 00 00 00 00 00 00 00 08 53 00 00 05 FF FF 00 00 00 00 00 00 00 00 00 00 00 00 00 17:01:13:054
00 FF FF 00 04 20 00 08 01 00 10 00 10 00 00 00 00 00 00 00 09 4A 00 00 04 FF FF 00 00 00 00 00 00 00 00 00 00 00 00 00 17:01:13:064
00 FF FF 00 02 20 00 08 01 00 12 00 12 00 00 00 00 00 00 00 09 7F 00 00 02 FF FF 00 00 00 00 00 00 00 00 00 00 00 00 00 17:01:13:080
00 FF FF 00 01 20 00 08 01 00 10 00 10 00 00 00 00 00 00 00 08 DD 00 00 01 FF FF 00 00 00 00 00 00 00 00 00 00 00 00 00 17:01:13:096
00 FF FF 00 05 20 00 08 01 00 12 00 12 00 00 00 00 00 00 00 08 53 00 00 05 FF FF 00 00 00 00 00 00 00 00 00 00 00 00 00 17:01:13:112
00 FF FF 00 04 20 00 08 01 00 11 00 11 00 00 00 00 00 00 00 09 4A 00 00 04 FF FF 00 00 00 00 00 00 00 00 00 00 00 00 00 17:01:13:143
00 FF FF 00 02 20 00 08 01 00 13 00 13 00 00 00 00 00 00 00 09 7F 00 00 02 FF FF 00 00 00 00 00 00 00 00 00 00 00 00 00 17:01:13:145
00 FF FF 00 01 20 00 08 01 00 11 00 11 00 00 00 00 00 00 00 08 DD 00 00 01 FF FF 00 00 00 00 00 00 00 00 00 00 00 00 00 17:01:13:159
00 FF FF 00 05 20 00 08 01 00 13 00 13 00 00 00 00 00 00 00 08 53 00 00 05 FF FF 00 00 00 00 00 00 00 00 00 00 00 00 00 17:01:13:160
00 FF FF 00 02 20 00 08 01 00 14 00 14 00 00 00 00 00 00 00 09 7F 00 00 02 FF FF 00 00 00 00 00 00 00 00 00 00 00 00 00 17:01:13:241
00 FF FF 00 04 20 00 08 01 00 12 00 12 00 00 00 00 00 00 00 09 4A 00 00 04 FF FF 00 00 00 00 00 00 00 00 00 00 00 00 00 17:01:13:243
00 FF FF 00 02 20 00 08 01 00 15 00 15 00 00 00 00 00 00 00 09 7F 00 00 02 FF FF 00 00 00 00 00 00 00 00 00 00 00 00 00 17:01:13:245
00 FF FF 00 01 20 00 08 01 00 12 00 12 00 00 00 00 00 00 00 08 DD 00 00 01 FF FF 00 00 00 00 00 00 00 00 00 00 00 00 00 17:01:13:247
00 FF FF 00 05 20 00 08 01 00 14 00 14 00 00 00 00 00 00 00 08 53 00 00 05 FF FF 00 00 00 00 00 00 00 00 00 00 00 00 00 17:01:13:249
00 FF FF 00 04 20 00 08 01 00 13 00 13 00 00 00 00 00 00 00 09 4A 00 00 04 FF FF 00 00 00 00 00 00 00 00 00 00 00 00 00 17:01:13:251
00 FF FF 00 01 20 00 08 01 00 13 00 13 00 00 00 00 00 00 00 08 DD 00 00 01 FF FF 00 00 00 00 00 00 00 00 00 00 00 00 00 17:01:13:258
00 FF FF 00 05 20 00 08 01 00 15 00 15 00 00 00 00 00 00 00 08 53 00 00 05 FF FF 00 00 00 00 00 00 00 00 00 00 00 00 00 17:01:13:259
00 FF FF 00 01 20 00 08 01 00 14 00 14 00 00 00 00 00 00 00 08 DD 00 00 01 FF FF 00 00 00 00 00 00 00 00 00 00 00 00 00 17:01:13:260
00 FF FF 00 02 20 00 08 01 00 17 00 17 00 00 00 00 00 00 00 09 7F 00 00 02 FF FF 00 00 00 00 00 00 00 00 00 00 00 00 00 17:01:13:261
00 FF FF 00 01 20 00 08 01 00 15 00 15 00 00 00 00 00 00 00 08 DD 00 00 01 FF FF 00 00 00 00 00 00 00 00 00 00 00 00 00 17:01:13:262
00 FF FF 00 01 20 00 08 01 00 16 00 16 00 00 00 00 00 00 00 08 DD 00 00 01 FF FF 00 00 00 00 00 00 00 00 00 00 00 00 00 17:01:13:285
00 FF FF 00 01 20 00 08 01 00 17 00 17 00 00 00 00 00 00 00 08 DD 00 00 01 FF FF 00 00 00 00 00 00 00 00 00 00 00 00 00 17:01:13:287
00 FF FF 00 04 20 00 08 01 00 18 00 18 01 00 00 00 00 00 00 09 4A FF 00 04 00 07 00 00 00 00 00 00 00 00 00 00 00 00 00 17:01:13:289
00 FF FF 00 05 20 00 08 01 00 18 00 18 01 00 00 00 00 00 00 08 53 FF 00 05 00 07 00 00 00 00 00 00 00 00 00 00 00 00 00 17:01:13:291
00 FF FF 00 01 20 00 08 01 00 18 00 18 01 00 00 00 00 00 00 08 DD FF 00 01 00 07 00 00 00 00 00 00 00 00 00 00 00 00 00 17:01:13:292
00 FF FF 00 03 20 00 08 01 00 08 00 08 01 00 00 00 00 00 00 03 DA 10 00 03 00 04 00 00 00 00 00 00 00 00 00 00 00 00 00 17:01:13:326
00 FF FF 00 02 20 00 08 01 00 0C 00 0C 02 00 00 00 00 00 00 09 7F 01 00 02 FF FF 00 00 00 00 00 00 00 00 00 00 00 00 00 17:01:13:342
00 FF FF 00 00 20 00 08 01 00 10 00 10 01 00 00 00 00 00 00 07 7F 0C 00 00 00 05 00 00 00 00 00 00 00 00 00 00 00 00 00 17:01:13:414
00 FF FF 00 07 20 00 08 01 00 0C 00 0C 02 00 00 00 00 00 00 05 43 01 00 07 FF FF 00 00 00 00 00 00 00 00 00 00 00 00 00 17:01:13:416
00 FF FF 00 06 20 00 08 01 00 10 00 10 01 00 00 00 00 00 00 07 21 2C 00 06 00 04 00 00 00 00 00 00 00 00 00 00 00 00 00 17:01:13:418
00 FF FF 00 07 20 00 08 01 00 18 00 18 00 00 00 00 01 00 00 07 AB 00 00 07 FF FF 00 00 00 00 00 00 00 00 00 00 00 00 00 17:01:13:420
00 FF FF 00 07 20 00 08 01 00 19 00 19 00 00 00 00 05 00 00 07 B1 00 00 07 FF FF 00 00 00 00 00 00 00 00 00 00 00 00 00 17:01:13:422
00 FF FF 00 07 20 00 08 01 00 1A 00 1A 00 00 00 00 19 00 00 07 BF 00 00 07 FF FF 00 00 00 00 00 00 00 00 00 00 00 00 00 17:01:13:443
00 FF FF 00 07 20 00 08 01 00 1B 00 1B 00 00 00 00 7D 00 00 07 CE 00 00 07 FF FF 00 00 00 00 00 00 00 00 00 00 00 00 00 17:01:13:445
00 FF FF 00 07 20 00 08 01 00 1C 00 1C 00 00 00 02 71 00 00 07 DA 00 00 07 FF FF 00 00 00 00 00 00 00 00 00 00 00 00 00 17:01:13:447
00 FF FF 00 03 20 00 08 02 00 08 00 09 00 00 00 00 02 00 00 0A C6 00 00 03 FF FF 00 00 00 00 00 00 00 00 00 00 00 00 00 17:01:13:517
00 FF FF 00 07 20 00 08 01 00 1D 00 1D 00 00 00 0C 35 00 00 07 E5 00 00 07 FF FF 00 00 00 00 00 00 00 00 00 00 00 00 00 17:01:13:519
00 FF FF 00 03 20 00 08 02 00 0A 00 0B 00 00 00 00 4B 00 00 0A C6 00 00 03 FF FF 00 00 00 00 00 00 00 00 00 00 00 00 00 17:01:13:521
00 FF FF 00 07 20 00 08 01 00 1E 00 1E 00 00 00 3D 09 00 00 07 F5 00 00 07 FF FF 00 00 00 00 00 00 00 00 00 00 00 00 00 17:01:13:523
00 FF FF 00 03 20 00 08 02 00 0C 00 0D 00 00 00 07 53 00 00 0A C6 00 00 03 FF FF 00 00 00 00 00 00 00 00 00 00 00 00 00 17:01:13:525
00 FF FF 00 07 20 00 08 01 00 1F 00 1F 00 00 01 31 2D 00 00 08 03 00 00 07 FF FF 00 00 00 00 00 00 00 00 00 00 00 00 00 17:01:13:527
00 FF FF 00 03 20 00 08 02 00 0E 00 0F 00 00 00 F4 24 00 00 0A C6 00 00 03 FF FF 00 00 00 00 00 00 00 00 00 00 00 00 00 17:01:13:528
00 FF FF 00 00 20 00 08 02 00 10 00 11 00 00 00 00 01 00 00 0A 87 00 00 00 FF FF 00 00 00 00 00 00 00 00 00 00 00 00 00 17:01:13:574
00 FF FF 00 00 20 00 08 02 00 12 00 13 00 00 00 00 32 00 00 0A 87 00 00 00 FF FF 00 00 00 00 00 00 00 00 00 00 00 00 00 17:01:13:576
00 FF FF 00 00 20 00 08 02 00 14 00 15 00 00 00 07 53 00 00 0A 87 00 00 00 FF FF 00 00 00 00 00 00 00 00 00 00 00 00 00 17:01:13:579
00 FF FF 00 00 20 00 08 02 00 16 00 17 00 00 00 00 00 00 00 0A 87 00 00 00 FF FF 00 00 00 00 00 00 00 00 00 00 00 00 00 17:01:13:580
00 FF FF 00 01 20 00 08 01 00 18 00 18 01 00 00 00 00 00 00 08 DD C0 00 01 00 07 00 00 00 00 00 00 00 00 00 00 00 00 00 17:01:13:622
00 FF FF 00 07 20 00 08 01 00 12 00 12 02 00 00 00 00 00 00 08 03 0B 00 07 FF FF 00 00 00 00 00 00 00 00 00 00 00 00 00 17:01:13:723
00 FF FF 00 07 20 00 08 01 00 13 00 13 02 00 00 00 00 00 00 08 03 05 00 07 FF FF 00 00 00 00 00 00 00 00 00 00 00 00 00 17:01:13:724
00 FF FF 00 07 20 00 08 01 00 15 00 15 02 00 00 00 00 00 00 08 03 01 00 07 FF FF 00 00 00 00 00 00 00 00 00 00 00 00 00 17:01:13:735
00 FF FF 00 02 20 00 08 01 00 18 00 18 01 00 00 00 00 00 00 09 7F 03 00 02 00 07 00 00 00 00 00 00 00 00 00 00 00 00 00 17:01:13:751
00 FF FF 00 07 20 00 08 01 00 18 00 18 02 00 00 00 00 00 00 08 03 03 00 07 FF FF 00 00 00 00 00 00 00 00 00 00 00 00 00 17:01:13:809
00 FF FF 00 07 20 00 08 01 00 19 00 19 02 00 00 00 00 00 00 08 03 01 00 07 FF FF 00 00 00 00 00 00 00 00 00 00 00 00 00 17:01:13:810
00 FF FF 00 03 20 00 08 02 00 10 00 11 00 00 00 00 00 00 00 0C 21 00 00 03 FF FF 00 00 00 00 00 00 00 00 00 00 00 00 00 17:01:13:811
00 FF FF 00 03 20 00 08 02 00 12 00 13 00 00 00 00 32 00 00 0C 21 00 00 03 FF FF 00 00 00 00 00 00 00 00 00 00 00 00 00 17:01:13:812
00 FF FF 00 03 20 00 08 02 00 14 00 15 00 00 00 00 00 00 00 0C 21 00 00 03 FF FF 00 00 00 00 00 00 00 00 00 00 00 00 00 17:01:13:838
00 FF FF 00 03 20 00 08 02 00 16 00 17 00 00 00 3D 09 00 00 0C 21 00 00 03 FF FF 00 00 00 00 00 00 00 00 00 00 00 00 00 17:01:13:839
00 FF FF 00 06 20 00 08 02 00 10 00 11 00 00 00 00 03 00 00 0B 3A 00 00 06 FF FF 00 00 00 00 00 00 00 00 00 00 00 00 00 17:01:13:869
00 FF FF 00 06 20 00 08 02 00 12 00 13 00 00 00 00 64 00 00 0B 3A 00 00 06 FF FF 00 00 00 00 00 00 00 00 00 00 00 00 00 17:01:13:885
00 FF FF 00 04 20 00 08 01 00 18 00 18 00 00 00 00 00 00 00 0C AB 00 00 04 FF FF 00 00 00 00 00 00 00 00 00 00 00 00 00 17:01:13:886
00 FF FF 00 06 20 00 08 02 00 14 00 15 00 00 00 04 E2 00 00 0B 3A 00 00 06 FF FF 00 00 00 00 00 00 00 00 00 00 00 00 00 17:01:13:901
00 FF FF 00 04 20 00 08 01 00 19 00 19 00 00 00 00 00 00 00 0C AB 00 00 04 FF FF 00 00 00 00 00 00 00 00 00 00 00 00 00 17:01:14:004
00 FF FF 00 02 20 00 08 01 00 18 00 18 00 00 00 00 00 00 00 0C DF 00 00 02 FF FF 00 00 00 00 00 00 00 00 00 00 00 00 00 17:01:14:006
00 FF FF 00 06 20 00 08 02 00 16 00 17 00 00 00 7A 12 00 00 0B 3A 00 00 06 FF FF 00 00 00 00 00 00 00 00 00 00 00 00 00 17:01:14:007
00 FF FF 00 04 20 00 08 01 00 1A 00 1A 00 00 00 00 00 00 00 0C AB 00 00 04 FF FF 00 00 00 00 00 00 00 00 00 00 00 00 00 17:01:14:009
00 FF FF 00 02 20 00 08 01 00 19 00 19 00 00 00 00 00 00 00 0C DF 00 00 02 FF FF 00 00 00 00 00 00 00 00 00 00 00 00 00 17:01:14:011
00 FF FF 00 02 20 00 08 01 00 1A 00 1A 00 00 00 00 00 00 00 0C DF 00 00 02 FF FF 00 00 00 00 00 00 00 00 00 00 00 00 00 17:01:14:012
00 FF FF 00 04 20 00 08 01 00 1B 00 1B 00 00 00 00 00 00 00 0C AB 00 00 04 FF FF 00 00 00 00 00 00 00 00 00 00 00 00 00 17:01:14:013
00 FF FF 00 02 20 00 08 01 00 1B 00 1B 00 00 00 00 00 00 00 0C DF 00 00 02 FF FF 00 00 00 00 00 00 00 00 00 00 00 00 00 17:01:14:014
00 FF FF 00 04 20 00 08 01 00 1C 00 1C 00 00 00 00 00 00 00 0C AB 00 00 04 FF FF 00 00 00 00 00 00 00 00 00 00 00 00 00 17:01:14:016
00 FF FF 00 02 20 00 08 01 00 1C 00 1C 00 00 00 00 00 00 00 0C DF 00 00 02 FF FF 00 00 00 00 00 00 00 00 00 00 00 00 00 17:01:14:017
00 FF FF 00 04 20 00 08 01 00 1D 00 1D 00 00 00 00 00 00 00 0C AB 00 00 04 FF FF 00 00 00 00 00 00 00 00 00 00 00 00 00 17:01:14:018
00 FF FF 00 02 20 00 08 01 00 1D 00 1D 00 00 00 00 00 00 00 0C DF 00 00 02 FF FF 00 00 00 00 00 00 00 00 00 00 00 00 00 17:01:14:035
00 FF FF 00 04 20 00 08 01 00 1E 00 1E 00 00 00 00 00 00 00 0C AB 00 00 04 FF FF 00 00 00 00 00 00 00 00 00 00 00 00 00 17:01:14:037
00 FF FF 00 02 20 00 08 01 00 1E 00 1E 00 00 00 00 00 00 00 0C DF 00 00 02 FF FF 00 00 00 00 00 00 00 00 00 00 00 00 00 17:01:14:039
00 FF FF 00 04 20 00 08 01 00 1F 00 1F 00 00 00 00 00 00 00 0C AB 00 00 04 FF FF 00 00 00 00 00 00 00 00 00 00 00 00 00 17:01:14:041
00 FF FF 00 02 20 00 08 01 00 1F 00 1F 00 00 00 00 00 00 00 0C DF 00 00 02 FF FF 00 00 00 00 00 00 00 00 00 00 00 00 00 17:01:14:042
00 FF FF 00 02 20 00 08 06 00 00 00 00 08 00 00 00 00 00 00 0D F4 00 00 02 FF FF 00 00 00 00 00 00 00 00 00 00 00 00 00 17:01:14:115
00 FF FF 00 05 20 00 08 01 00 18 00 18 01 00 00 00 00 00 00 08 53 40 00 05 00 02 00 00 00 00 00 00 00 00 00 00 00 00 00 17:01:14:131
00 FF FF 00 04 20 00 08 06 00 00 00 00 08 00 00 00 00 00 00 0D BF 00 00 04 FF FF 00 00 00 00 00 00 00 00 00 00 00 00 00 17:01:14:168
00 FF FF 00 02 20 00 08 01 00 1E 00 1E 02 00 00 00 00 00 00 0D F4 01 00 02 FF FF 00 00 00 00 00 00 00 00 00 00 00 00 00 17:01:14:170
00 FF FF 00 04 20 00 08 01 00 1E 00 1E 02 00 00 00 00 00 00 0D BF 01 00 04 FF FF 00 00 00 00 00 00 00 00 00 00 00 00 00 17:01:14:172
00 FF FF 00 07 20 00 08 01 00 1E 00 1E 02 00 00 00 00 00 00 08 03 01 00 07 FF FF 00 00 00 00 00 00 00 00 00 00 00 00 00 17:01:14:184
00 FF FF 00 05 20 00 08 02 00 18 00 19 00 00 00 00 00 00 00 0D 12 00 00 05 FF FF 00 00 00 00 00 00 00 00 00 00 00 00 00 17:01:14:227
00 FF FF 00 05 20 00 08 02 00 1A 00 1B 00 00 00 00 00 00 00 0D 12 00 00 05 FF FF 00 00 00 00 00 00 00 00 00 00 00 00 00 17:01:14:228
00 FF FF 00 05 20 00 08 02 00 1C 00 1D 00 00 00 09 C4 00 00 0D 12 00 00 05 FF FF 00 00 00 00 00 00 00 00 00 00 00 00 00 17:01:14:230
00 FF FF 00 05 20 00 08 02 00 1E 00 1F 00 00 00 3D 09 00 00 0D 12 00 00 05 FF FF 00 00 00 00 00 00 00 00 00 00 00 00 00 17:01:14:231
00 FF FF 00 01 20 00 08 02 00 18 00 19 00 00 00 00 01 00 00 0D 9C 00 00 01 FF FF 00 00 00 00 00 00 00 00 00 00 00 00 00 17:01:14:241
00 FF FF 00 01 20 00 08 02 00 1A 00 1B 00 00 00 00 19 00 00 0D 9C 00 00 01 FF FF 00 00 00 00 00 00 00 00 00 00 00 00 00 17:01:14:257
00 FF FF 00 01 20 00 08 02 00 1C 00 1D 00 00 00 09 C4 00 00 0D 9C 00 00 01 FF FF 00 00 00 00 00 00 00 00 00 00 00 00 00 17:01:14:288
00 FF FF 00 01 20 00 08 02 00 1E 00 1F 00 00 00 B7 1B 00 00 0D 9C 00 00 01 FF FF 00 00 00 00 00 00 00 00 00 00 00 00 00 17:01:14:289
00 FF FF 00 06 20 00 08 01 00 18 00 18 01 00 00 00 00 00 00 0B 3A 80 00 06 00 05 00 00 00 00 00 00 00 00 00 00 00 00 00 17:01:14:415
00 FF FF 00 05 20 00 08 01 00 1F 00 1F 02 00 00 00 00 00 00 0D 12 01 00 05 FF FF 00 00 00 00 00 00 00 00 00 00 00 00 00 17:01:14:472
00 FF FF 00 01 20 00 08 06 00 00 00 00 08 00 00 00 00 00 00 0E B1 00 00 01 FF FF 00 00 00 00 00 00 00 00 00 00 00 00 00 17:01:14:474
00 FF FF 00 07 20 00 08 01 00 1F 00 1F 02 00 00 00 00 00 00 08 03 01 00 07 FF FF 00 00 00 00 00 00 00 00 00 00 00 00 00 17:01:14:476
00 FF FF 00 01 20 00 08 01 00 1F 00 1F 02 00 00 00 00 00 00 0E B1 01 00 01 FF FF 00 00 00 00 00 00 00 00 00 00 00 00 00 17:01:14:478
00 FF FF 00 05 20 00 08 06 00 00 00 00 08 00 00 00 00 00 00 0E 27 00 00 05 FF FF 00 00 00 00 00 00 00 00 00 00 00 00 00 17:01:14:520
00 FF FF 00 06 20 00 08 02 00 18 00 19 00 00 00 00 04 00 00 0E 2A 00 00 06 FF FF 00 00 00 00 00 00 00 00 00 00 00 00 00 17:01:14:549
00 FF FF 00 06 20 00 08 02 00 1A 00 1B 00 00 00 00 4B 00 00 0E 2A 00 00 06 FF FF 00 00 00 00 00 00 00 00 00 00 00 00 00 17:01:14:551
00 FF FF 00 06 20 00 08 02 00 1C 00 1D 00 00 00 02 71 00 00 0E 2A 00 00 06 FF FF 00 00 00 00 00 00 00 00 00 00 00 00 00 17:01:14:552
00 FF FF 00 06 20 00 08 02 00 1E 00 1F 00 00 00 B7 1B 00 00 0E 2A 00 00 06 FF FF 00 00 00 00 00 00 00 00 00 00 00 00 00 17:01:14:564
00 FF FF 00 00 20 00 08 01 00 18 00 18 01 00 00 00 00 00 00 0A 87 20 00 00 00 06 00 00 00 00 00 00 00 00 00 00 00 00 00 17:01:14:724
00 FF FF 00 05 20 00 08 01 00 1D 00 1D 02 00 00 00 00 00 00 0E 27 01 00 05 FF FF 00 00 00 00 00 00 00 00 00 00 00 00 00 17:01:14:767
00 FF FF 00 04 20 00 08 01 00 1D 00 1D 02 00 00 00 00 00 00 0D BF 01 00 04 FF FF 00 00 00 00 00 00 00 00 00 00 00 00 00 17:01:14:769
00 FF FF 00 07 20 00 08 01 00 1D 00 1D 02 00 00 00 00 00 00 08 03 01 00 07 FF FF 00 00 00 00 00 00 00 00 00 00 00 00 00 17:01:14:771
00 FF FF 00 06 20 00 08 06 00 00 00 00 08 00 00 00 00 00 00 0F 3D 00 00 06 FF FF 00 00 00 00 00 00 00 00 00 00 00 00 00 17:01:14:773
00 FF FF 00 00 20 00 08 01 00 18 00 18 00 00 00 00 00 00 00 0F BA 00 00 00 FF FF 00 00 00 00 00 00 00 00 00 00 00 00 00 17:01:14:798
00 FF FF 00 00 20 00 08 01 00 19 00 19 00 00 00 00 00 00 00 0F BA 00 00 00 FF FF 00 00 00 00 00 00 00 00 00 00 00 00 00 17:01:14:901
00 FF FF 00 00 20 00 08 01 00 1A 00 1A 00 00 00 00 00 00 00 0F BA 00 00 00 FF FF 00 00 00 00 00 00 00 00 00 00 00 00 00 17:01:14:903
00 FF FF 00 03 20 00 08 02 00 18 00 19 00 00 00 00 04 00 00 10 16 00 00 03 FF FF 00 00 00 00 00 00 00 00 00 00 00 00 00 17:01:14:905
00 FF FF 00 00 20 00 08 01 00 1B 00 1B 00 00 00 00 00 00 00 0F BA 00 00 00 FF FF 00 00 00 00 00 00 00 00 00 00 00 00 00 17:01:14:907
00 FF FF 00 03 20 00 08 02 00 1A 00 1B 00 00 00 00 64 00 00 10 16 00 00 03 FF FF 00 00 00 00 00 00 00 00 00 00 00 00 00 17:01:14:915
00 FF FF 00 00 20 00 08 01 00 1C 00 1C 00 00 00 00 00 00 00 0F BA 00 00 00 FF FF 00 00 00 00 00 00 00 00 00 00 00 00 00 17:01:14:917
00 FF FF 00 03 20 00 08 02 00 1C 00 1D 00 00 00 00 00 00 00 10 16 00 00 03 FF FF 00 00 00 00 00 00 00 00 00 00 00 00 00 17:01:14:918
00 FF FF 00 00 20 00 08 01 00 1D 00 1D 00 00 00 00 00 00 00 0F BA 00 00 00 FF FF 00 00 00 00 00 00 00 00 00 00 00 00 00 17:01:14:919
00 FF FF 00 03 20 00 08 02 00 1E 00 1F 00 00 00 3D 09 00 00 10 16 00 00 03 FF FF 00 00 00 00 00 00 00 00 00 00 00 00 00 17:01:14:920
00 FF FF 00 00 20 00 08 01 00 1E 00 1E 00 00 00 00 00 00 00 0F BA 00 00 00 FF FF 00 00 00 00 00 00 00 00 00 00 00 00 00 17:01:14:921
00 FF FF 00 00 20 00 08 01 00 1F 00 1F 00 00 00 00 00 00 00 0F BA 00 00 00 FF FF 00 00 00 00 00 00 00 00 00 00 00 00 00 17:01:14:922
00 FF FF 00 00 20 00 08 06 00 00 00 00 08 00 00 00 00 00 00 10 CE 00 00 00 FF FF 00 00 00 00 00 00 00 00 00 00 00 00 00 17:01:15:033
00 FF FF 00 03 20 00 08 06 00 00 00 00 08 00 00 00 00 00 00 11 68 00 00 03 FF FF 00 00 00 00 00 00 00 00 00 00 00 00 00 17:01:15:044
