00 FF FF 00 00 21 00 08 08 01 00 00 00 00 00 00 00 00 01 00 00 0B BB 00 00 00 00 00 00 00 00 00 00 00 00 00 00 00 00 00 00 15:43:59:037
00 FF FF 00 00 21 00 08 07 01 00 01 00 01 00 00 00 00 05 00 00 0B C2 00 00 00 00 00 00 00 00 00 00 00 00 00 00 00 00 00 00 15:43:59:049
00 FF FF 00 00 21 00 08 06 01 00 02 00 02 00 00 00 00 19 00 00 0B CF 00 00 00 00 00 00 00 00 00 00 00 00 00 00 00 00 00 00 15:43:59:095
00 FF FF 00 00 21 00 08 05 01 00 03 00 03 00 00 00 00 7D 00 00 0B DB 00 00 00 00 00 00 00 00 00 00 00 00 00 00 00 00 00 00 15:43:59:097
00 FF FF 00 00 21 00 08 04 01 00 04 00 04 00 00 00 02 71 00 00 0B E8 00 00 00 00 00 00 00 00 00 00 00 00 00 00 00 00 00 00 15:43:59:099
00 FF FF 00 00 21 00 08 03 01 00 05 00 05 00 00 00 0C 35 00 00 0B F5 00 00 00 00 00 00 00 00 00 00 00 00 00 00 00 00 00 00 15:43:59:100
00 FF FF 00 00 21 00 08 02 01 00 06 00 06 00 00 00 3D 09 00 00 0C 01 00 00 00 00 00 00 00 00 00 00 00 00 00 00 00 00 00 00 15:43:59:110
00 FF FF 00 00 21 00 08 01 01 00 07 00 07 00 00 01 31 2D 00 00 0C 0D 00 00 00 00 00 00 00 00 00 00 00 00 00 00 00 00 00 00 15:43:59:127
00 FF FF 00 02 21 00 08 04 02 00 00 00 01 00 00 00 00 00 00 00 0D 6A 00 00 02 FF FF 00 00 00 00 00 00 00 00 00 00 00 00 00 15:43:59:271
00 FF FF 00 02 21 00 08 03 02 00 02 00 03 00 00 00 00 4B 00 00 0D 72 00 00 02 FF FF 00 00 00 00 00 00 00 00 00 00 00 00 00 15:43:59:273
00 FF FF 00 02 21 00 08 02 02 00 04 00 05 00 00 00 00 00 00 00 0D 7E 00 00 02 FF FF 00 00 00 00 00 00 00 00 00 00 00 00 00 15:43:59:275
00 FF FF 00 01 21 00 08 04 02 00 00 00 01 00 00 00 00 00 00 00 0C 6A 00 00 01 FF FF 00 00 00 00 00 00 00 00 00 00 00 00 00 15:43:59:277
00 FF FF 00 02 21 00 08 01 02 00 06 00 07 00 00 00 F4 24 00 00 0D 8B 00 00 02 FF FF 00 00 00 00 00 00 00 00 00 00 00 00 00 15:43:59:279
00 FF FF 00 01 21 00 08 03 02 00 02 00 03 00 00 00 00 19 00 00 0C 75 00 00 01 FF FF 00 00 00 00 00 00 00 00 00 00 00 00 00 15:43:59:281
00 FF FF 00 01 21 00 08 02 02 00 04 00 05 00 00 00 07 53 00 00 0C 84 00 00 01 FF FF 00 00 00 00 00 00 00 00 00 00 00 00 00 15:43:59:283
00 FF FF 00 01 21 00 08 01 02 00 06 00 07 00 00 00 00 00 00 00 0C 90 00 00 01 FF FF 00 00 00 00 00 00 00 00 00 00 00 00 00 15:43:59:284
00 FF FF 00 02 21 00 08 00 06 00 00 00 00 08 00 00 00 00 00 00 0E 64 00 00 02 FF FF 00 00 00 00 00 00 00 00 00 00 00 00 00 15:43:59:454
00 FF FF 00 01 21 00 08 00 06 00 00 00 00 08 00 00 00 00 00 00 0D 6F 00 00 01 FF FF 00 00 00 00 00 00 00 00 00 00 00 00 00 15:43:59:493
