00 FF FF 00 00 21 00 08 08 00 00 01 00 00 00 00 00 00 00 00 01 00 00 0B BB 00 00 00 00 00 00 00 00 00 00 00 00 00 00 00 00 17:56:38:854
00 FF FF 00 00 21 00 08 07 00 00 01 00 01 00 01 00 00 00 00 05 00 00 0B C2 00 00 00 00 00 00 00 00 00 00 00 00 00 00 00 00 17:56:38:892
00 FF FF 00 00 21 00 08 06 00 00 01 00 02 00 02 00 00 00 00 19 00 00 0B CE 00 00 00 00 00 00 00 00 00 00 00 00 00 00 00 00 17:56:38:894
00 FF FF 00 00 21 00 08 05 00 00 01 00 03 00 03 00 00 00 00 7D 00 00 0B D9 00 00 00 00 00 00 00 00 00 00 00 00 00 00 00 00 17:56:38:896
00 FF FF 00 00 21 00 08 04 00 00 01 00 04 00 04 00 00 00 02 71 00 00 0B E5 00 00 00 00 00 00 00 00 00 00 00 00 00 00 00 00 17:56:38:897
00 FF FF 00 00 21 00 08 03 00 00 01 00 05 00 05 00 00 00 0C 35 00 00 0B F1 00 00 00 00 00 00 00 00 00 00 00 00 00 00 00 00 17:56:38:907
00 FF FF 00 00 21 00 08 02 00 00 01 00 06 00 06 00 00 00 3D 09 00 00 0B FD 00 00 00 00 00 00 00 00 00 00 00 00 00 00 00 00 17:56:38:936
00 FF FF 00 00 21 00 08 01 00 00 01 00 07 00 07 00 00 01 31 2D 00 00 0C 08 00 00 00 00 00 00 00 00 00 00 00 00 00 00 00 00 17:56:38:938
00 FF FF 00 04 21 00 08 04 00 04 02 00 00 00 01 00 00 00 00 03 00 00 45 61 00 FF FF 00 00 00 00 00 00 00 00 00 00 00 00 00 17:56:39:133
00 FF FF 00 05 21 00 08 04 00 05 02 00 00 00 01 00 00 00 00 01 00 00 45 63 00 FF FF 00 00 00 00 00 00 00 00 00 00 00 00 00 17:56:39:135
00 FF FF 00 04 21 00 08 03 00 04 02 00 02 00 03 00 00 00 00 19 00 00 45 7C 00 FF FF 00 00 00 00 00 00 00 00 00 00 00 00 00 17:56:39:137
00 FF FF 00 05 21 00 08 03 00 05 02 00 02 00 03 00 00 00 00 19 00 00 45 89 00 FF FF 00 00 00 00 00 00 00 00 00 00 00 00 00 17:56:39:139
00 FF FF 00 05 21 00 08 02 00 05 02 00 04 00 05 00 00 00 04 E2 00 00 45 98 00 FF FF 00 00 00 00 00 00 00 00 00 00 00 00 00 17:56:39:141
00 FF FF 00 05 21 00 08 01 00 05 02 00 06 00 07 00 00 00 00 00 00 00 45 A3 00 FF FF 00 00 00 00 00 00 00 00 00 00 00 00 00 17:56:39:143
00 FF FF 00 02 21 00 08 04 00 02 02 00 00 00 01 00 00 00 00 04 00 00 0C A1 00 FF FF 00 00 00 00 00 00 00 00 00 00 00 00 00 17:56:39:145
00 FF FF 00 02 21 00 08 03 00 02 02 00 02 00 03 00 00 00 00 32 00 00 0C C1 00 FF FF 00 00 00 00 00 00 00 00 00 00 00 00 00 17:56:39:146
00 FF FF 00 02 21 00 08 02 00 02 02 00 04 00 05 00 00 00 09 C4 00 00 0C CD 00 FF FF 00 00 00 00 00 00 00 00 00 00 00 00 00 17:56:39:148
00 FF FF 00 02 21 00 08 01 00 02 02 00 06 00 07 00 00 00 00 00 00 00 0C D9 00 FF FF 00 00 00 00 00 00 00 00 00 00 00 00 00 17:56:39:150
00 FF FF 00 03 21 00 08 04 00 03 02 00 00 00 01 00 00 00 00 01 00 00 0C 84 00 FF FF 00 00 00 00 00 00 00 00 00 00 00 00 00 17:56:39:182
00 FF FF 00 04 21 00 08 01 00 04 02 00 06 00 07 00 00 00 F4 24 00 00 45 D7 00 FF FF 00 00 00 00 00 00 00 00 00 00 00 00 00 17:56:39:184
00 FF FF 00 03 21 00 08 03 00 03 02 00 02 00 03 00 00 00 00 32 00 00 0C CE 00 FF FF 00 00 00 00 00 00 00 00 00 00 00 00 00 17:56:39:186
00 FF FF 00 03 21 00 08 02 00 03 02 00 04 00 05 00 00 00 04 E2 00 00 0C DF 00 FF FF 00 00 00 00 00 00 00 00 00 00 00 00 00 17:56:39:188
00 FF FF 00 03 21 00 08 01 00 03 02 00 06 00 07 00 00 00 F4 24 00 00 0C EB 00 FF FF 00 00 00 00 00 00 00 00 00 00 00 00 00 17:56:39:190
00 FF FF 00 06 21 00 08 04 00 06 02 00 00 00 01 00 00 00 00 01 00 00 45 9D 00 FF FF 00 00 00 00 00 00 00 00 00 00 00 00 00 17:56:39:191
00 FF FF 00 06 21 00 08 03 00 06 02 00 02 00 03 00 00 00 00 19 00 00 46 1B 00 FF FF 00 00 00 00 00 00 00 00 00 00 00 00 00 17:56:39:198
00 FF FF 00 06 21 00 08 02 00 06 02 00 04 00 05 00 00 00 00 00 00 00 46 26 00 FF FF 00 00 00 00 00 00 00 00 00 00 00 00 00 17:56:39:228
00 FF FF 00 06 21 00 08 01 00 06 02 00 06 00 07 00 00 00 00 00 00 00 46 32 00 FF FF 00 00 00 00 00 00 00 00 00 00 00 00 00 17:56:39:229
00 FF FF 00 07 21 00 08 04 00 07 02 00 00 00 01 00 00 00 00 03 00 00 45 A0 00 FF FF 00 00 00 00 00 00 00 00 00 00 00 00 00 17:56:39:270
00 FF FF 00 08 21 00 08 03 00 08 02 00 02 00 03 00 00 00 00 32 00 00 46 40 00 FF FF 00 00 00 00 00 00 00 00 00 00 00 00 00 17:56:39:272
00 FF FF 00 07 21 00 08 03 00 07 02 00 02 00 03 00 00 00 00 19 00 00 46 55 00 FF FF 00 00 00 00 00 00 00 00 00 00 00 00 00 17:56:39:274
00 FF FF 00 08 21 00 08 02 00 08 02 00 04 00 05 00 00 00 09 C4 00 00 46 4C 00 FF FF 00 00 00 00 00 00 00 00 00 00 00 00 00 17:56:39:276
00 FF FF 00 08 21 00 08 01 00 08 02 00 06 00 07 00 00 00 00 00 00 00 46 5A 00 FF FF 00 00 00 00 00 00 00 00 00 00 00 00 00 17:56:39:370
00 FF FF 00 07 21 00 08 02 00 07 02 00 04 00 05 00 00 00 02 71 00 00 46 67 00 FF FF 00 00 00 00 00 00 00 00 00 00 00 00 00 17:56:39:372
00 FF FF 00 07 21 00 08 01 00 07 02 00 06 00 07 00 00 00 3D 09 00 00 46 81 00 FF FF 00 00 00 00 00 00 00 00 00 00 00 00 00 17:56:39:374
00 FF FF 00 09 21 00 08 04 00 09 02 00 00 00 01 00 00 00 00 04 00 00 45 7E 00 FF FF 00 00 00 00 00 00 00 00 00 00 00 00 00 17:56:39:376
00 FF FF 00 09 21 00 08 03 00 09 02 00 02 00 03 00 00 00 00 19 00 00 46 87 00 FF FF 00 00 00 00 00 00 00 00 00 00 00 00 00 17:56:39:377
00 FF FF 00 09 21 00 08 02 00 09 02 00 04 00 05 00 00 00 07 53 00 00 46 93 00 FF FF 00 00 00 00 00 00 00 00 00 00 00 00 00 17:56:39:379
00 FF FF 00 09 21 00 08 01 00 09 02 00 06 00 07 00 00 00 7A 12 00 00 46 9E 00 FF FF 00 00 00 00 00 00 00 00 00 00 00 00 00 17:56:39:381
00 FF FF 00 0A 21 00 08 04 00 0A 02 00 00 00 01 00 00 00 00 03 00 00 45 63 00 FF FF 00 00 00 00 00 00 00 00 00 00 00 00 00 17:56:39:383
00 FF FF 00 0A 21 00 08 03 00 0A 02 00 02 00 03 00 00 00 00 19 00 00 46 9A 00 FF FF 00 00 00 00 00 00 00 00 00 00 00 00 00 17:56:39:385
00 FF FF 00 0A 21 00 08 02 00 0A 02 00 04 00 05 00 00 00 04 E2 00 00 46 A6 00 FF FF 00 00 00 00 00 00 00 00 00 00 00 00 00 17:56:39:387
00 FF FF 00 0A 21 00 08 01 00 0A 02 00 06 00 07 00 00 00 B7 1B 00 00 46 B2 00 FF FF 00 00 00 00 00 00 00 00 00 00 00 00 00 17:56:39:422
00 FF FF 00 01 21 00 08 04 00 01 02 00 00 00 01 00 00 00 00 03 00 00 0C 84 00 FF FF 00 00 00 00 00 00 00 00 00 00 00 00 00 17:56:39:424
00 FF FF 00 01 21 00 08 03 00 01 02 00 02 00 03 00 00 00 00 32 00 00 0D E4 00 FF FF 00 00 00 00 00 00 00 00 00 00 00 00 00 17:56:39:426
00 FF FF 00 01 21 00 08 02 00 01 02 00 04 00 05 00 00 00 07 53 00 00 0D EF 00 FF FF 00 00 00 00 00 00 00 00 00 00 00 00 00 17:56:39:428
00 FF FF 00 01 21 00 08 01 00 01 02 00 06 00 07 00 00 00 7A 12 00 00 0D FB 00 FF FF 00 00 00 00 00 00 00 00 00 00 00 00 00 17:56:39:429
00 FF FF 00 00 21 00 08 08 00 00 01 00 08 00 08 00 00 00 00 01 00 00 0E 0B 00 00 00 00 00 00 00 00 00 00 00 00 00 00 00 00 17:56:39:502
00 FF FF 00 00 21 00 08 07 00 00 01 00 09 00 09 00 00 00 00 05 00 00 0E 62 00 00 00 00 00 00 00 00 00 00 00 00 00 00 00 00 17:56:39:518
00 FF FF 00 00 21 00 08 06 00 00 01 00 0A 00 0A 00 00 00 00 19 00 00 0E 6E 00 00 00 00 00 00 00 00 00 00 00 00 00 00 00 00 17:56:39:560
00 FF FF 00 00 21 00 08 05 00 00 01 00 0B 00 0B 00 00 00 00 7D 00 00 0E 7A 00 00 00 00 00 00 00 00 00 00 00 00 00 00 00 00 17:56:39:562
00 FF FF 00 00 21 00 08 04 00 00 01 00 0C 00 0C 00 00 00 02 71 00 00 0E 85 00 00 00 00 00 00 00 00 00 00 00 00 00 00 00 00 17:56:39:564
00 FF FF 00 00 21 00 08 03 00 00 01 00 0D 00 0D 00 00 00 0C 35 00 00 0E 91 00 00 00 00 00 00 00 00 00 00 00 00 00 00 00 00 17:56:39:566
00 FF FF 00 00 21 00 08 02 00 00 01 00 0E 00 0E 00 00 00 3D 09 00 00 0E 9D 00 00 00 00 00 00 00 00 00 00 00 00 00 00 00 00 17:56:39:576
00 FF FF 00 00 21 00 08 01 00 00 01 00 0F 00 0F 00 00 01 31 2D 00 00 0E A9 00 00 00 00 00 00 00 00 00 00 00 00 00 00 00 00 17:56:39:591
00 FF FF 00 04 21 00 08 04 00 04 02 00 08 00 09 00 00 00 00 04 00 00 47 F7 00 FF FF 00 00 00 00 00 00 00 00 00 00 00 00 00 17:56:39:701
00 FF FF 00 04 21 00 08 03 00 04 02 00 0A 00 0B 00 00 00 00 32 00 00 47 FE 00 FF FF 00 00 00 00 00 00 00 00 00 00 00 00 00 17:56:39:702
00 FF FF 00 04 21 00 08 02 00 04 02 00 0C 00 0D 00 00 00 04 E2 00 00 48 0A 00 FF FF 00 00 00 00 00 00 00 00 00 00 00 00 00 17:56:39:704
00 FF FF 00 04 21 00 08 01 00 04 02 00 0E 00 0F 00 00 00 B7 1B 00 00 48 15 00 FF FF 00 00 00 00 00 00 00 00 00 00 00 00 00 17:56:39:706
00 FF FF 00 05 21 00 08 04 00 05 02 00 08 00 09 00 00 00 00 02 00 00 48 1C 00 FF FF 00 00 00 00 00 00 00 00 00 00 00 00 00 17:56:39:716
00 FF FF 00 05 21 00 08 03 00 05 02 00 0A 00 0B 00 00 00 00 19 00 00 48 39 00 FF FF 00 00 00 00 00 00 00 00 00 00 00 00 00 17:56:39:732
00 FF FF 00 05 21 00 08 02 00 05 02 00 0C 00 0D 00 00 00 07 53 00 00 48 45 00 FF FF 00 00 00 00 00 00 00 00 00 00 00 00 00 17:56:39:761
00 FF FF 00 05 21 00 08 01 00 05 02 00 0E 00 0F 00 00 00 00 00 00 00 48 50 00 FF FF 00 00 00 00 00 00 00 00 00 00 00 00 00 17:56:39:763
00 FF FF 00 06 21 00 08 04 00 06 02 00 08 00 09 00 00 00 00 00 00 00 48 1B 00 FF FF 00 00 00 00 00 00 00 00 00 00 00 00 00 17:56:39:777
00 FF FF 00 06 21 00 08 03 00 06 02 00 0A 00 0B 00 00 00 00 4B 00 00 48 79 00 FF FF 00 00 00 00 00 00 00 00 00 00 00 00 00 17:56:39:823
00 FF FF 00 06 21 00 08 02 00 06 02 00 0C 00 0D 00 00 00 07 53 00 00 48 85 00 FF FF 00 00 00 00 00 00 00 00 00 00 00 00 00 17:56:39:824
00 FF FF 00 06 21 00 08 01 00 06 02 00 0E 00 0F 00 00 00 7A 12 00 00 48 91 00 FF FF 00 00 00 00 00 00 00 00 00 00 00 00 00 17:56:39:826
00 FF FF 00 07 21 00 08 04 00 07 02 00 08 00 09 00 00 00 00 03 00 00 48 45 00 FF FF 00 00 00 00 00 00 00 00 00 00 00 00 00 17:56:39:838
00 FF FF 00 07 21 00 08 03 00 07 02 00 0A 00 0B 00 00 00 00 00 00 00 48 BE 00 FF FF 00 00 00 00 00 00 00 00 00 00 00 00 00 17:56:39:854
00 FF FF 00 07 21 00 08 02 00 07 02 00 0C 00 0D 00 00 00 00 00 00 00 48 C9 00 FF FF 00 00 00 00 00 00 00 00 00 00 00 00 00 17:56:39:918
00 FF FF 00 08 21 00 08 02 00 08 02 00 0C 00 0D 00 00 00 04 E2 00 00 48 B5 00 FF FF 00 00 00 00 00 00 00 00 00 00 00 00 00 17:56:39:920
00 FF FF 00 07 21 00 08 01 00 07 02 00 0E 00 0F 00 00 00 00 00 00 00 48 D5 00 FF FF 00 00 00 00 00 00 00 00 00 00 00 00 00 17:56:39:922
00 FF FF 00 08 21 00 08 01 00 08 02 00 0E 00 0F 00 00 00 00 00 00 00 48 C6 00 FF FF 00 00 00 00 00 00 00 00 00 00 00 00 00 17:56:39:924
00 FF FF 00 0A 21 00 08 04 00 0A 02 00 08 00 09 00 00 00 00 04 00 00 48 17 00 FF FF 00 00 00 00 00 00 00 00 00 00 00 00 00 17:56:39:926
00 FF FF 00 0A 21 00 08 03 00 0A 02 00 0A 00 0B 00 00 00 00 64 00 00 48 D8 00 FF FF 00 00 00 00 00 00 00 00 00 00 00 00 00 17:56:39:928
00 FF FF 00 09 21 00 08 02 00 09 02 00 0C 00 0D 00 00 00 04 E2 00 00 48 FA 00 FF FF 00 00 00 00 00 00 00 00 00 00 00 00 00 17:56:39:968
00 FF FF 00 0A 21 00 08 02 00 0A 02 00 0C 00 0D 00 00 00 09 C4 00 00 48 E4 00 FF FF 00 00 00 00 00 00 00 00 00 00 00 00 00 17:56:39:970
00 FF FF 00 09 21 00 08 01 00 09 02 00 0E 00 0F 00 00 00 B7 1B 00 00 49 05 00 FF FF 00 00 00 00 00 00 00 00 00 00 00 00 00 17:56:39:972
00 FF FF 00 0A 21 00 08 01 00 0A 02 00 0E 00 0F 00 00 00 F4 24 00 00 48 F5 00 FF FF 00 00 00 00 00 00 00 00 00 00 00 00 00 17:56:39:973
00 FF FF 00 01 21 00 08 04 00 01 02 00 08 00 09 00 00 00 00 04 00 00 0F 21 00 FF FF 00 00 00 00 00 00 00 00 00 00 00 00 00 17:56:39:975
00 FF FF 00 01 21 00 08 03 00 01 02 00 0A 00 0B 00 00 00 00 4B 00 00 10 35 00 FF FF 00 00 00 00 00 00 00 00 00 00 00 00 00 17:56:39:977
00 FF FF 00 01 21 00 08 02 00 01 02 00 0C 00 0D 00 00 00 09 C4 00 00 10 40 00 FF FF 00 00 00 00 00 00 00 00 00 00 00 00 00 17:56:39:998
00 FF FF 00 01 21 00 08 01 00 01 02 00 0E 00 0F 00 00 00 3D 09 00 00 10 4C 00 FF FF 00 00 00 00 00 00 00 00 00 00 00 00 00 17:56:40:000
00 FF FF 00 03 21 00 08 04 00 03 02 00 08 00 09 00 00 00 00 01 00 00 0F 24 00 FF FF 00 00 00 00 00 00 00 00 00 00 00 00 00 17:56:40:014
00 FF FF 00 03 21 00 08 03 00 03 02 00 0A 00 0B 00 00 00 00 32 00 00 10 5A 00 FF FF 00 00 00 00 00 00 00 00 00 00 00 00 00 17:56:40:030
00 FF FF 00 03 21 00 08 02 00 03 02 00 0C 00 0D 00 00 00 07 53 00 00 10 66 00 FF FF 00 00 00 00 00 00 00 00 00 00 00 00 00 17:56:40:059
00 FF FF 00 03 21 00 08 01 00 03 02 00 0E 00 0F 00 00 00 00 00 00 00 10 71 00 FF FF 00 00 00 00 00 00 00 00 00 00 00 00 00 17:56:40:061
00 FF FF 00 00 21 00 08 08 00 00 01 00 10 00 10 00 00 00 00 01 00 00 10 AC 00 00 00 00 00 00 00 00 00 00 00 00 00 00 00 00 17:56:40:197
00 FF FF 00 00 21 00 08 07 00 00 01 00 11 00 11 00 00 00 00 05 00 00 10 F9 00 00 00 00 00 00 00 00 00 00 00 00 00 00 00 00 17:56:40:199
00 FF FF 00 00 21 00 08 06 00 00 01 00 12 00 12 00 00 00 00 19 00 00 11 05 00 00 00 00 00 00 00 00 00 00 00 00 00 00 00 00 17:56:40:201
00 FF FF 00 00 21 00 08 05 00 00 01 00 13 00 13 00 00 00 00 7D 00 00 11 11 00 00 00 00 00 00 00 00 00 00 00 00 00 00 00 00 17:56:40:203
00 FF FF 00 00 21 00 08 04 00 00 01 00 14 00 14 00 00 00 02 71 00 00 11 1C 00 00 00 00 00 00 00 00 00 00 00 00 00 00 00 00 17:56:40:205
00 FF FF 00 00 21 00 08 03 00 00 01 00 15 00 15 00 00 00 0C 35 00 00 11 28 00 00 00 00 00 00 00 00 00 00 00 00 00 00 00 00 17:56:40:241
00 FF FF 00 00 21 00 08 02 00 00 01 00 16 00 16 00 00 00 3D 09 00 00 11 34 00 00 00 00 00 00 00 00 00 00 00 00 00 00 00 00 17:56:40:243
00 FF FF 00 00 21 00 08 01 00 00 01 00 17 00 17 00 00 01 31 2D 00 00 11 40 00 00 00 00 00 00 00 00 00 00 00 00 00 00 00 00 17:56:40:245
00 FF FF 00 06 21 00 08 04 00 06 02 00 10 00 11 00 00 00 00 00 00 00 4A 97 00 FF FF 00 00 00 00 00 00 00 00 00 00 00 00 00 17:56:40:415
00 FF FF 00 05 21 00 08 04 00 05 02 00 10 00 11 00 00 00 00 01 00 00 4A AD 00 FF FF 00 00 00 00 00 00 00 00 00 00 00 00 00 17:56:40:417
00 FF FF 00 06 21 00 08 03 00 06 02 00 12 00 13 00 00 00 00 64 00 00 4A BC 00 FF FF 00 00 00 00 00 00 00 00 00 00 00 00 00 17:56:40:419
00 FF FF 00 05 21 00 08 03 00 05 02 00 12 00 13 00 00 00 00 64 00 00 4A BE 00 FF FF 00 00 00 00 00 00 00 00 00 00 00 00 00 17:56:40:421
00 FF FF 00 06 21 00 08 02 00 06 02 00 14 00 15 00 00 00 00 00 00 00 4A CB 00 FF FF 00 00 00 00 00 00 00 00 00 00 00 00 00 17:56:40:423
00 FF FF 00 06 21 00 08 01 00 06 02 00 16 00 17 00 00 00 B7 1B 00 00 4A D9 00 FF FF 00 00 00 00 00 00 00 00 00 00 00 00 00 17:56:40:425
00 FF FF 00 05 21 00 08 02 00 05 02 00 14 00 15 00 00 00 07 53 00 00 4A CD 00 FF FF 00 00 00 00 00 00 00 00 00 00 00 00 00 17:56:40:427
00 FF FF 00 05 21 00 08 01 00 05 02 00 16 00 17 00 00 00 B7 1B 00 00 4A E8 00 FF FF 00 00 00 00 00 00 00 00 00 00 00 00 00 17:56:40:428
00 FF FF 00 07 21 00 08 04 00 07 02 00 10 00 11 00 00 00 00 00 00 00 4A A0 00 FF FF 00 00 00 00 00 00 00 00 00 00 00 00 00 17:56:40:446
00 FF FF 00 07 21 00 08 03 00 07 02 00 12 00 13 00 00 00 00 32 00 00 4B 19 00 FF FF 00 00 00 00 00 00 00 00 00 00 00 00 00 17:56:40:448
00 FF FF 00 07 21 00 08 02 00 07 02 00 14 00 15 00 00 00 00 00 00 00 4B 24 00 FF FF 00 00 00 00 00 00 00 00 00 00 00 00 00 17:56:40:485
00 FF FF 00 08 21 00 08 02 00 08 02 00 14 00 15 00 00 00 02 71 00 00 4B 10 00 FF FF 00 00 00 00 00 00 00 00 00 00 00 00 00 17:56:40:487
00 FF FF 00 07 21 00 08 01 00 07 02 00 16 00 17 00 00 00 F4 24 00 00 4B 30 00 FF FF 00 00 00 00 00 00 00 00 00 00 00 00 00 17:56:40:489
00 FF FF 00 08 21 00 08 01 00 08 02 00 16 00 17 00 00 00 F4 24 00 00 4B 21 00 FF FF 00 00 00 00 00 00 00 00 00 00 00 00 00 17:56:40:490
00 FF FF 00 09 21 00 08 04 00 09 02 00 10 00 11 00 00 00 00 03 00 00 4A D0 00 FF FF 00 00 00 00 00 00 00 00 00 00 00 00 00 17:56:40:528
00 FF FF 00 09 21 00 08 03 00 09 02 00 12 00 13 00 00 00 00 32 00 00 4B 53 00 FF FF 00 00 00 00 00 00 00 00 00 00 00 00 00 17:56:40:530
00 FF FF 00 09 21 00 08 02 00 09 02 00 14 00 15 00 00 00 04 E2 00 00 4B 5F 00 FF FF 00 00 00 00 00 00 00 00 00 00 00 00 00 17:56:40:532
00 FF FF 00 09 21 00 08 01 00 09 02 00 16 00 17 00 00 00 3D 09 00 00 4B 6A 00 FF FF 00 00 00 00 00 00 00 00 00 00 00 00 00 17:56:40:533
00 FF FF 00 01 21 00 08 08 00 01 01 00 10 00 10 00 00 00 00 00 00 00 11 9F 00 FF FF 00 00 00 00 00 00 00 00 00 00 00 00 00 17:56:40:576
00 FF FF 00 01 21 00 08 07 00 01 01 00 11 00 11 00 00 00 00 00 00 00 12 A4 00 FF FF 00 00 00 00 00 00 00 00 00 00 00 00 00 17:56:40:577
00 FF FF 00 01 21 00 08 06 00 01 01 00 12 00 12 00 00 00 00 00 00 00 12 B0 00 FF FF 00 00 00 00 00 00 00 00 00 00 00 00 00 17:56:40:621
00 FF FF 00 01 21 00 08 05 00 01 01 00 13 00 13 00 00 00 00 00 00 00 12 BB 00 FF FF 00 00 00 00 00 00 00 00 00 00 00 00 00 17:56:40:623
00 FF FF 00 01 21 00 08 04 00 01 01 00 14 00 14 00 00 00 00 00 00 00 12 C7 00 FF FF 00 00 00 00 00 00 00 00 00 00 00 00 00 17:56:40:625
00 FF FF 00 01 21 00 08 03 00 01 01 00 15 00 15 00 00 00 00 00 00 00 12 D2 00 FF FF 00 00 00 00 00 00 00 00 00 00 00 00 00 17:56:40:626
00 FF FF 00 01 21 00 08 02 00 01 01 00 16 00 16 00 00 00 00 00 00 00 12 DE 00 FF FF 00 00 00 00 00 00 00 00 00 00 00 00 00 17:56:40:637
00 FF FF 00 01 21 00 08 01 00 01 01 00 17 00 17 00 00 00 00 00 00 00 12 EA 00 FF FF 00 00 00 00 00 00 00 00 00 00 00 00 00 17:56:40:652
00 FF FF 00 02 21 00 08 04 00 02 02 00 10 00 11 00 00 00 00 01 00 00 11 B5 00 FF FF 00 00 00 00 00 00 00 00 00 00 00 00 00 17:56:40:713
00 FF FF 00 02 21 00 08 03 00 02 02 00 12 00 13 00 00 00 00 19 00 00 13 1F 00 FF FF 00 00 00 00 00 00 00 00 00 00 00 00 00 17:56:40:715
00 FF FF 00 02 21 00 08 02 00 02 02 00 14 00 15 00 00 00 07 53 00 00 13 2A 00 FF FF 00 00 00 00 00 00 00 00 00 00 00 00 00 17:56:40:717
00 FF FF 00 02 21 00 08 01 00 02 02 00 16 00 17 00 00 00 B7 1B 00 00 13 36 00 FF FF 00 00 00 00 00 00 00 00 00 00 00 00 00 17:56:40:718
00 FF FF 00 03 21 00 08 04 00 03 02 00 10 00 11 00 00 00 00 04 00 00 11 AC 00 FF FF 00 00 00 00 00 00 00 00 00 00 00 00 00 17:56:40:761
00 FF FF 00 04 21 00 08 03 00 04 02 00 12 00 13 00 00 00 00 00 00 00 4C 52 00 FF FF 00 00 00 00 00 00 00 00 00 00 00 00 00 17:56:40:762
00 FF FF 00 03 21 00 08 03 00 03 02 00 12 00 13 00 00 00 00 64 00 00 13 49 00 FF FF 00 00 00 00 00 00 00 00 00 00 00 00 00 17:56:40:799
00 FF FF 00 04 21 00 08 02 00 04 02 00 14 00 15 00 00 00 00 00 00 00 4C 5E 00 FF FF 00 00 00 00 00 00 00 00 00 00 00 00 00 17:56:40:801
00 FF FF 00 04 21 00 08 01 00 04 02 00 16 00 17 00 00 00 00 00 00 00 4C 6D 00 FF FF 00 00 00 00 00 00 00 00 00 00 00 00 00 17:56:40:803
00 FF FF 00 03 21 00 08 02 00 03 02 00 14 00 15 00 00 00 09 C4 00 00 13 5B 00 FF FF 00 00 00 00 00 00 00 00 00 00 00 00 00 17:56:40:814
00 FF FF 00 03 21 00 08 01 00 03 02 00 16 00 17 00 00 00 7A 12 00 00 13 89 00 FF FF 00 00 00 00 00 00 00 00 00 00 00 00 00 17:56:40:831
00 FF FF 00 04 21 00 08 00 00 04 01 00 18 00 18 01 00 00 00 00 00 00 4C 6D FF 00 00 00 00 00 00 00 00 00 00 00 00 00 00 00 17:56:40:873
00 FF FF 00 05 21 00 08 00 00 05 01 00 18 00 18 01 00 00 00 00 00 00 4A E8 FF 00 00 00 00 00 00 00 00 00 00 00 00 00 00 00 17:56:40:875
00 FF FF 00 06 21 00 08 00 00 06 01 00 18 00 18 01 00 00 00 00 00 00 4A D9 FF 00 00 00 00 00 00 00 00 00 00 00 00 00 00 00 17:56:40:877
00 FF FF 00 07 21 00 08 00 00 07 01 00 18 00 18 01 00 00 00 00 00 00 4B 30 FF 00 00 00 00 00 00 00 00 00 00 00 00 00 00 00 17:56:40:888
00 FF FF 00 09 21 00 08 00 00 09 01 00 18 00 18 01 00 00 00 00 00 00 4B 6A FF 00 00 00 00 00 00 00 00 00 00 00 00 00 00 00 17:56:40:904
00 FF FF 00 00 21 00 08 08 00 00 01 00 18 00 18 00 00 00 00 01 00 00 13 43 00 00 00 00 00 00 00 00 00 00 00 00 00 00 00 00 17:56:40:947
00 FF FF 00 00 21 00 08 07 00 00 01 00 19 00 19 00 00 00 00 05 00 00 14 06 00 00 00 00 00 00 00 00 00 00 00 00 00 00 00 00 17:56:40:949
00 FF FF 00 00 21 00 08 06 00 00 01 00 1A 00 1A 00 00 00 00 19 00 00 14 12 00 00 00 00 00 00 00 00 00 00 00 00 00 00 00 00 17:56:40:951
00 FF FF 00 00 21 00 08 05 00 00 01 00 1B 00 1B 00 00 00 00 7D 00 00 14 1E 00 00 00 00 00 00 00 00 00 00 00 00 00 00 00 00 17:56:40:952
00 FF FF 00 00 21 00 08 04 00 00 01 00 1C 00 1C 00 00 00 02 71 00 00 14 2A 00 00 00 00 00 00 00 00 00 00 00 00 00 00 00 00 17:56:40:963
00 FF FF 00 00 21 00 08 03 00 00 01 00 1D 00 1D 00 00 00 0C 35 00 00 14 36 00 00 00 00 00 00 00 00 00 00 00 00 00 00 00 00 17:56:41:007
00 FF FF 00 00 21 00 08 02 00 00 01 00 1E 00 1E 00 00 00 3D 09 00 00 14 41 00 00 00 00 00 00 00 00 00 00 00 00 00 00 00 00 17:56:41:008
00 FF FF 00 00 21 00 08 01 00 00 01 00 1F 00 1F 00 00 01 31 2D 00 00 14 4D 00 00 00 00 00 00 00 00 00 00 00 00 00 00 00 00 17:56:41:009
00 FF FF 00 01 21 00 08 00 00 01 01 00 18 00 18 01 00 00 00 00 00 00 12 EA FF 00 00 00 00 00 00 00 00 00 00 00 00 00 00 00 17:56:41:020
00 FF FF 00 03 21 00 08 00 00 03 01 00 18 00 18 01 00 00 00 00 00 00 13 89 FF 00 00 00 00 00 00 00 00 00 00 00 00 00 00 00 17:56:41:052
00 FF FF 00 03 21 00 08 00 00 03 01 00 18 00 18 01 00 00 00 00 00 00 13 89 FF FF FF 00 00 00 00 00 00 00 00 00 00 00 00 00 17:56:41:085
00 FF FF 00 04 21 00 08 04 00 04 02 00 18 00 19 00 00 00 00 02 00 00 4D A3 00 FF FF 00 00 00 00 00 00 00 00 00 00 00 00 00 17:56:41:126
00 FF FF 00 04 21 00 08 03 00 04 02 00 1A 00 1B 00 00 00 00 19 00 00 4D AE 00 FF FF 00 00 00 00 00 00 00 00 00 00 00 00 00 17:56:41:127
00 FF FF 00 04 21 00 08 02 00 04 02 00 1C 00 1D 00 00 00 02 71 00 00 4D B9 00 FF FF 00 00 00 00 00 00 00 00 00 00 00 00 00 17:56:41:128
00 FF FF 00 04 21 00 08 01 00 04 02 00 1E 00 1F 00 00 00 00 00 00 00 4D C5 00 FF FF 00 00 00 00 00 00 00 00 00 00 00 00 00 17:56:41:129
00 FF FF 00 05 21 00 08 04 00 05 02 00 18 00 19 00 00 00 00 04 00 00 4D AA 00 FF FF 00 00 00 00 00 00 00 00 00 00 00 00 00 17:56:41:165
00 FF FF 00 05 21 00 08 03 00 05 02 00 1A 00 1B 00 00 00 00 32 00 00 4D DE 00 FF FF 00 00 00 00 00 00 00 00 00 00 00 00 00 17:56:41:166
00 FF FF 00 05 21 00 08 02 00 05 02 00 1C 00 1D 00 00 00 09 C4 00 00 4D EA 00 FF FF 00 00 00 00 00 00 00 00 00 00 00 00 00 17:56:41:167
00 FF FF 00 05 21 00 08 01 00 05 02 00 1E 00 1F 00 00 00 3D 09 00 00 4D F6 00 FF FF 00 00 00 00 00 00 00 00 00 00 00 00 00 17:56:41:168
00 FF FF 00 07 21 00 08 08 00 07 01 00 18 00 18 02 00 00 00 00 00 00 4D B4 FF FF FF 00 00 00 00 00 00 00 00 00 00 00 00 00 17:56:41:225
00 FF FF 00 06 21 00 08 04 00 06 02 00 18 00 19 00 00 00 00 03 00 00 4D C7 00 FF FF 00 00 00 00 00 00 00 00 00 00 00 00 00 17:56:41:226
00 FF FF 00 07 21 00 08 07 00 07 01 00 19 00 19 02 00 00 00 00 00 00 4E 26 7F FF FF 00 00 00 00 00 00 00 00 00 00 00 00 00 17:56:41:227
00 FF FF 00 06 21 00 08 03 00 06 02 00 1A 00 1B 00 00 00 00 00 00 00 4E 29 00 FF FF 00 00 00 00 00 00 00 00 00 00 00 00 00 17:56:41:266
00 FF FF 00 07 21 00 08 06 00 07 01 00 1A 00 1A 02 00 00 00 00 00 00 4E 35 3F FF FF 00 00 00 00 00 00 00 00 00 00 00 00 00 17:56:41:267
00 FF FF 00 08 21 00 08 02 00 08 02 00 1C 00 1D 00 00 00 02 71 00 00 4E 20 00 FF FF 00 00 00 00 00 00 00 00 00 00 00 00 00 17:56:41:268
00 FF FF 00 06 21 00 08 02 00 06 02 00 1C 00 1D 00 00 00 04 E2 00 00 4E 35 00 FF FF 00 00 00 00 00 00 00 00 00 00 00 00 00 17:56:41:269
00 FF FF 00 07 21 00 08 05 00 07 01 00 1B 00 1B 02 00 00 00 00 00 00 4E 45 1F FF FF 00 00 00 00 00 00 00 00 00 00 00 00 00 17:56:41:356
00 FF FF 00 08 21 00 08 01 00 08 02 00 1E 00 1F 00 00 00 B7 1B 00 00 4E 35 00 FF FF 00 00 00 00 00 00 00 00 00 00 00 00 00 17:56:41:357
00 FF FF 00 07 21 00 08 04 00 07 01 00 1C 00 1C 02 00 00 00 00 00 00 4E 57 0F FF FF 00 00 00 00 00 00 00 00 00 00 00 00 00 17:56:41:359
00 FF FF 00 06 21 00 08 01 00 06 02 00 1E 00 1F 00 00 00 7A 12 00 00 4E 49 00 FF FF 00 00 00 00 00 00 00 00 00 00 00 00 00 17:56:41:361
00 FF FF 00 07 21 00 08 03 00 07 01 00 1D 00 1D 02 00 00 00 00 00 00 4E 6C 07 FF FF 00 00 00 00 00 00 00 00 00 00 00 00 00 17:56:41:363
00 FF FF 00 07 21 00 08 02 00 07 01 00 1E 00 1E 02 00 00 00 00 00 00 4E 7A 03 FF FF 00 00 00 00 00 00 00 00 00 00 00 00 00 17:56:41:365
00 FF FF 00 07 21 00 08 01 00 07 01 00 1F 00 1F 02 00 00 00 00 00 00 4E 86 01 FF FF 00 00 00 00 00 00 00 00 00 00 00 00 00 17:56:41:366
00 FF FF 00 00 21 00 08 08 00 00 01 00 18 00 18 02 00 00 00 00 00 00 14 7A FF FF FF 00 00 00 00 00 00 00 00 00 00 00 00 00 17:56:41:367
00 FF FF 00 00 21 00 08 07 00 00 01 00 19 00 19 02 00 00 00 00 00 00 15 9C 7F FF FF 00 00 00 00 00 00 00 00 00 00 00 00 00 17:56:41:368
00 FF FF 00 00 21 00 08 06 00 00 01 00 1A 00 1A 02 00 00 00 00 00 00 15 A8 3F FF FF 00 00 00 00 00 00 00 00 00 00 00 00 00 17:56:41:369
00 FF FF 00 00 21 00 08 05 00 00 01 00 1B 00 1B 02 00 00 00 00 00 00 15 B4 1F FF FF 00 00 00 00 00 00 00 00 00 00 00 00 00 17:56:41:370
00 FF FF 00 00 21 00 08 04 00 00 01 00 1C 00 1C 02 00 00 00 00 00 00 15 C0 0F FF FF 00 00 00 00 00 00 00 00 00 00 00 00 00 17:56:41:379
00 FF FF 00 00 21 00 08 03 00 00 01 00 1D 00 1D 02 00 00 00 00 00 00 15 CB 07 FF FF 00 00 00 00 00 00 00 00 00 00 00 00 00 17:56:41:381
00 FF FF 00 00 21 00 08 02 00 00 01 00 1E 00 1E 02 00 00 00 00 00 00 15 D7 03 FF FF 00 00 00 00 00 00 00 00 00 00 00 00 00 17:56:41:382
00 FF FF 00 00 21 00 08 01 00 00 01 00 1F 00 1F 02 00 00 00 00 00 00 15 E3 01 FF FF 00 00 00 00 00 00 00 00 00 00 00 00 00 17:56:41:394
00 FF FF 00 09 21 00 08 04 00 09 02 00 18 00 19 00 00 00 00 02 00 00 4D A9 00 FF FF 00 00 00 00 00 00 00 00 00 00 00 00 00 17:56:41:439
00 FF FF 00 09 21 00 08 03 00 09 02 00 1A 00 1B 00 00 00 00 64 00 00 4E F8 00 FF FF 00 00 00 00 00 00 00 00 00 00 00 00 00 17:56:41:441
00 FF FF 00 09 21 00 08 02 00 09 02 00 1C 00 1D 00 00 00 07 53 00 00 4F 04 00 FF FF 00 00 00 00 00 00 00 00 00 00 00 00 00 17:56:41:443
00 FF FF 00 09 21 00 08 01 00 09 02 00 1E 00 1F 00 00 00 00 00 00 00 4F 0F 00 FF FF 00 00 00 00 00 00 00 00 00 00 00 00 00 17:56:41:444
00 FF FF 00 05 21 00 08 08 00 05 01 00 18 00 18 02 00 00 00 00 00 00 4E 07 FF FF FF 00 00 00 00 00 00 00 00 00 00 00 00 00 17:56:41:486
00 FF FF 00 05 21 00 08 07 00 05 01 00 19 00 19 02 00 00 00 00 00 00 4F 41 7F FF FF 00 00 00 00 00 00 00 00 00 00 00 00 00 17:56:41:488
00 FF FF 00 05 21 00 08 06 00 05 01 00 1A 00 1A 02 00 00 00 00 00 00 4F 4D 3F FF FF 00 00 00 00 00 00 00 00 00 00 00 00 00 17:56:41:518
00 FF FF 00 05 21 00 08 05 00 05 01 00 1B 00 1B 02 00 00 00 00 00 00 4F 58 1F FF FF 00 00 00 00 00 00 00 00 00 00 00 00 00 17:56:41:520
00 FF FF 00 04 21 00 08 04 00 04 01 00 1C 00 1C 02 00 00 00 00 00 00 4F 5D 0F FF FF 00 00 00 00 00 00 00 00 00 00 00 00 00 17:56:41:545
00 FF FF 00 05 21 00 08 04 00 05 01 00 1C 00 1C 02 00 00 00 00 00 00 4F 64 0F FF FF 00 00 00 00 00 00 00 00 00 00 00 00 00 17:56:41:547
00 FF FF 00 04 21 00 08 03 00 04 01 00 1D 00 1D 02 00 00 00 00 00 00 4F 68 07 FF FF 00 00 00 00 00 00 00 00 00 00 00 00 00 17:56:41:548
00 FF FF 00 05 21 00 08 03 00 05 01 00 1D 00 1D 02 00 00 00 00 00 00 4F 75 07 FF FF 00 00 00 00 00 00 00 00 00 00 00 00 00 17:56:41:579
00 FF FF 00 05 21 00 08 02 00 05 01 00 1E 00 1E 02 00 00 00 00 00 00 4F 85 03 FF FF 00 00 00 00 00 00 00 00 00 00 00 00 00 17:56:41:581
00 FF FF 00 05 21 00 08 01 00 05 01 00 1F 00 1F 02 00 00 00 00 00 00 4F 90 01 FF FF 00 00 00 00 00 00 00 00 00 00 00 00 00 17:56:41:582
00 FF FF 00 04 21 00 08 02 00 04 01 00 1E 00 1E 02 00 00 00 00 00 00 4F 77 03 FF FF 00 00 00 00 00 00 00 00 00 00 00 00 00 17:56:41:610
00 FF FF 00 04 21 00 08 01 00 04 01 00 1F 00 1F 02 00 00 00 00 00 00 4F AF 01 FF FF 00 00 00 00 00 00 00 00 00 00 00 00 00 17:56:41:611
00 FF FF 00 06 21 00 08 08 00 06 01 00 18 00 18 02 00 00 00 00 00 00 4E 6F FF FF FF 00 00 00 00 00 00 00 00 00 00 00 00 00 17:56:41:657
00 FF FF 00 06 21 00 08 07 00 06 01 00 19 00 19 02 00 00 00 00 00 00 4F F3 7F FF FF 00 00 00 00 00 00 00 00 00 00 00 00 00 17:56:41:659
00 FF FF 00 06 21 00 08 06 00 06 01 00 1A 00 1A 02 00 00 00 00 00 00 4F FF 3F FF FF 00 00 00 00 00 00 00 00 00 00 00 00 00 17:56:41:703
00 FF FF 00 06 21 00 08 05 00 06 01 00 1B 00 1B 02 00 00 00 00 00 00 50 0A 1F FF FF 00 00 00 00 00 00 00 00 00 00 00 00 00 17:56:41:705
00 FF FF 00 06 21 00 08 04 00 06 01 00 1C 00 1C 02 00 00 00 00 00 00 50 16 0F FF FF 00 00 00 00 00 00 00 00 00 00 00 00 00 17:56:41:707
00 FF FF 00 06 21 00 08 03 00 06 01 00 1D 00 1D 02 00 00 00 00 00 00 50 22 07 FF FF 00 00 00 00 00 00 00 00 00 00 00 00 00 17:56:41:708
00 FF FF 00 06 21 00 08 02 00 06 01 00 1E 00 1E 02 00 00 00 00 00 00 50 2D 03 FF FF 00 00 00 00 00 00 00 00 00 00 00 00 00 17:56:41:719
00 FF FF 00 06 21 00 08 01 00 06 01 00 1F 00 1F 02 00 00 00 00 00 00 50 39 01 FF FF 00 00 00 00 00 00 00 00 00 00 00 00 00 17:56:41:745
00 FF FF 00 05 21 00 08 00 00 05 06 00 00 00 00 08 00 00 00 00 00 00 50 00 00 FF FF 00 00 00 00 00 00 00 00 00 00 00 00 00 17:56:41:746
00 FF FF 00 06 21 00 08 00 00 06 06 00 00 00 00 08 00 00 00 00 00 00 50 4F 00 FF FF 00 00 00 00 00 00 00 00 00 00 00 00 00 17:56:41:760
00 FF FF 00 08 21 00 08 00 00 08 06 00 00 00 00 08 00 00 00 00 00 00 4F BD 00 FF FF 00 00 00 00 00 00 00 00 00 00 00 00 00 17:56:41:776
00 FF FF 00 01 21 00 08 00 00 01 01 00 18 00 18 01 00 00 00 00 00 00 12 EA 60 00 05 00 00 00 00 00 00 00 00 00 00 00 00 00 17:56:41:792
00 FF FF 00 01 21 00 08 00 00 01 01 00 18 00 18 01 00 00 00 00 00 00 12 EA 60 FF FF 00 00 00 00 00 00 00 00 00 00 00 00 00 17:56:41:808
00 FF FF 00 00 21 00 08 02 00 00 01 00 1D 00 1D 02 00 00 00 00 00 00 17 9D 03 FF FF 00 00 00 00 00 00 00 00 00 00 00 00 00 17:56:41:849
00 FF FF 00 00 21 00 08 01 00 00 01 00 1E 00 1E 02 00 00 00 00 00 00 17 A4 01 FF FF 00 00 00 00 00 00 00 00 00 00 00 00 00 17:56:41:851
00 FF FF 00 09 21 00 08 08 00 09 01 00 18 00 18 02 00 00 00 00 00 00 4F 20 FF FF FF 00 00 00 00 00 00 00 00 00 00 00 00 00 17:56:41:853
00 FF FF 00 09 21 00 08 07 00 09 01 00 19 00 19 02 00 00 00 00 00 00 50 B0 7F FF FF 00 00 00 00 00 00 00 00 00 00 00 00 00 17:56:41:854
00 FF FF 00 09 21 00 08 06 00 09 01 00 1A 00 1A 02 00 00 00 00 00 00 50 BB 3F FF FF 00 00 00 00 00 00 00 00 00 00 00 00 00 17:56:41:892
00 FF FF 00 09 21 00 08 05 00 09 01 00 1B 00 1B 02 00 00 00 00 00 00 50 C7 1F FF FF 00 00 00 00 00 00 00 00 00 00 00 00 00 17:56:41:894
00 FF FF 00 09 21 00 08 04 00 09 01 00 1C 00 1C 02 00 00 00 00 00 00 50 D2 0F FF FF 00 00 00 00 00 00 00 00 00 00 00 00 00 17:56:41:896
00 FF FF 00 09 21 00 08 03 00 09 01 00 1D 00 1D 02 00 00 00 00 00 00 50 DE 07 FF FF 00 00 00 00 00 00 00 00 00 00 00 00 00 17:56:41:897
00 FF FF 00 09 21 00 08 02 00 09 01 00 1E 00 1E 02 00 00 00 00 00 00 50 EA 03 FF FF 00 00 00 00 00 00 00 00 00 00 00 00 00 17:56:41:908
00 FF FF 00 09 21 00 08 01 00 09 01 00 1F 00 1F 02 00 00 00 00 00 00 50 F5 01 FF FF 00 00 00 00 00 00 00 00 00 00 00 00 00 17:56:41:937
00 FF FF 00 03 21 00 08 00 00 03 01 00 18 00 18 01 00 00 00 00 00 00 13 89 60 00 09 00 00 00 00 00 00 00 00 00 00 00 00 00 17:56:41:938
00 FF FF 00 05 21 00 08 02 00 05 01 00 1D 00 1D 02 00 00 00 00 00 00 51 0D 03 FF FF 00 00 00 00 00 00 00 00 00 00 00 00 00 17:56:41:952
00 FF FF 00 05 21 00 08 01 00 05 01 00 1E 00 1E 02 00 00 00 00 00 00 51 28 01 FF FF 00 00 00 00 00 00 00 00 00 00 00 00 00 17:56:41:968
00 FF FF 00 06 21 00 08 02 00 06 01 00 1D 00 1D 02 00 00 00 00 00 00 50 91 03 FF FF 00 00 00 00 00 00 00 00 00 00 00 00 00 17:56:42:000
00 FF FF 00 06 21 00 08 01 00 06 01 00 1E 00 1E 02 00 00 00 00 00 00 51 5B 01 FF FF 00 00 00 00 00 00 00 00 00 00 00 00 00 17:56:42:016
00 FF FF 00 09 21 00 08 00 00 09 06 00 00 00 00 08 00 00 00 00 00 00 51 09 00 FF FF 00 00 00 00 00 00 00 00 00 00 00 00 00 17:56:42:064
00 FF FF 00 07 21 00 08 02 00 07 02 00 1C 00 1D 00 00 00 09 C4 00 00 51 9E 00 FF FF 00 00 00 00 00 00 00 00 00 00 00 00 00 17:56:42:092
00 FF FF 00 07 21 00 08 01 00 07 02 00 1E 00 1F 00 00 00 7A 12 00 00 51 AE 00 FF FF 00 00 00 00 00 00 00 00 00 00 00 00 00 17:56:42:093
00 FF FF 00 03 21 00 08 00 00 03 01 00 18 00 18 01 00 00 00 00 00 00 13 89 60 FF FF 00 00 00 00 00 00 00 00 00 00 00 00 00 17:56:42:107
00 FF FF 00 02 21 00 08 00 00 02 01 00 18 00 18 01 00 00 00 00 00 00 13 36 60 FF FF 00 00 00 00 00 00 00 00 00 00 00 00 00 17:56:42:139
00 FF FF 00 09 21 00 08 02 00 09 01 00 1D 00 1D 02 00 00 00 00 00 00 51 D5 03 FF FF 00 00 00 00 00 00 00 00 00 00 00 00 00 17:56:42:171
00 FF FF 00 09 21 00 08 01 00 09 01 00 1E 00 1E 02 00 00 00 00 00 00 51 F2 01 FF FF 00 00 00 00 00 00 00 00 00 00 00 00 00 17:56:42:172
00 FF FF 00 05 21 00 08 02 00 05 01 00 1D 00 1D 02 00 00 00 00 00 00 51 D8 03 FF FF 00 00 00 00 00 00 00 00 00 00 00 00 00 17:56:42:218
00 FF FF 00 05 21 00 08 01 00 05 01 00 1E 00 1E 02 00 00 00 00 00 00 52 2F 01 FF FF 00 00 00 00 00 00 00 00 00 00 00 00 00 17:56:42:219
00 FF FF 00 04 21 00 08 02 00 04 01 00 1D 00 1D 02 00 00 00 00 00 00 51 C8 03 FF FF 00 00 00 00 00 00 00 00 00 00 00 00 00 17:56:42:265
00 FF FF 00 04 21 00 08 01 00 04 01 00 1E 00 1E 02 00 00 00 00 00 00 52 4D 01 FF FF 00 00 00 00 00 00 00 00 00 00 00 00 00 17:56:42:266
00 FF FF 00 00 21 00 08 02 00 00 01 00 1D 00 1D 02 00 00 00 00 00 00 18 F1 03 FF FF 00 00 00 00 00 00 00 00 00 00 00 00 00 17:56:42:325
00 FF FF 00 07 21 00 08 02 00 07 01 00 1D 00 1D 02 00 00 00 00 00 00 51 EB 03 FF FF 00 00 00 00 00 00 00 00 00 00 00 00 00 17:56:42:327
00 FF FF 00 00 21 00 08 01 00 00 01 00 1E 00 1E 02 00 00 00 00 00 00 19 8A 01 FF FF 00 00 00 00 00 00 00 00 00 00 00 00 00 17:56:42:329
00 FF FF 00 07 21 00 08 01 00 07 01 00 1E 00 1E 02 00 00 00 00 00 00 52 99 01 FF FF 00 00 00 00 00 00 00 00 00 00 00 00 00 17:56:42:330
00 FF FF 00 09 21 00 08 01 00 09 01 00 15 00 15 02 00 00 00 00 00 00 52 22 01 FF FF 00 00 00 00 00 00 00 00 00 00 00 00 00 17:56:42:356
00 FF FF 00 03 21 00 08 00 00 03 01 00 18 00 18 01 00 00 00 00 00 00 13 89 40 00 09 00 00 00 00 00 00 00 00 00 00 00 00 00 17:56:42:420
00 FF FF 00 07 21 00 08 01 00 07 01 00 1E 00 1E 02 00 00 00 00 00 00 53 27 01 FF FF 00 00 00 00 00 00 00 00 00 00 00 00 00 17:56:42:452
00 FF FF 00 02 21 00 08 00 00 02 01 00 18 00 18 01 00 00 00 00 00 00 13 36 40 00 09 00 00 00 00 00 00 00 00 00 00 00 00 00 17:56:42:500
00 FF FF 00 00 21 00 08 01 00 00 01 00 1E 00 1E 02 00 00 00 00 00 00 1A 17 01 FF FF 00 00 00 00 00 00 00 00 00 00 00 00 00 17:56:42:564
00 FF FF 00 07 21 00 08 00 00 07 06 00 00 00 00 08 00 00 00 00 00 00 53 4C 00 FF FF 00 00 00 00 00 00 00 00 00 00 00 00 00 17:56:42:580
00 FF FF 00 04 21 00 08 01 00 04 01 00 1E 00 1E 02 00 00 00 00 00 00 53 70 01 FF FF 00 00 00 00 00 00 00 00 00 00 00 00 00 17:56:42:612
00 FF FF 00 02 21 00 08 00 00 02 01 00 18 00 18 01 00 00 00 00 00 00 13 36 40 FF FF 00 00 00 00 00 00 00 00 00 00 00 00 00 17:56:42:628
00 FF FF 00 00 21 00 08 01 00 00 01 00 1E 00 1E 02 00 00 00 00 00 00 1A FD 01 FF FF 00 00 00 00 00 00 00 00 00 00 00 00 00 17:56:42:660
00 FF FF 00 03 21 00 08 04 00 03 02 00 18 00 19 00 00 00 00 03 00 00 1A F5 00 FF FF 00 00 00 00 00 00 00 00 00 00 00 00 00 17:56:42:676
00 FF FF 00 03 21 00 08 03 00 03 02 00 1A 00 1B 00 00 00 00 64 00 00 1A FC 00 FF FF 00 00 00 00 00 00 00 00 00 00 00 00 00 17:56:42:720
00 FF FF 00 03 21 00 08 02 00 03 02 00 1C 00 1D 00 00 00 04 E2 00 00 1B 08 00 FF FF 00 00 00 00 00 00 00 00 00 00 00 00 00 17:56:42:722
00 FF FF 00 03 21 00 08 01 00 03 02 00 1E 00 1F 00 00 00 B7 1B 00 00 1B 13 00 FF FF 00 00 00 00 00 00 00 00 00 00 00 00 00 17:56:42:723
00 FF FF 00 09 21 00 08 01 00 09 01 00 1E 00 1E 02 00 00 00 00 00 00 53 83 01 FF FF 00 00 00 00 00 00 00 00 00 00 00 00 00 17:56:42:735
00 FF FF 00 0A 21 00 08 00 00 0A 01 00 10 00 10 01 00 00 00 00 00 00 48 F5 20 00 04 00 00 00 00 00 00 00 00 00 00 00 00 00 17:56:42:799
00 FF FF 00 03 21 00 08 01 00 03 01 00 15 00 15 02 00 00 00 00 00 00 1B A7 01 FF FF 00 00 00 00 00 00 00 00 00 00 00 00 00 17:56:42:911
00 FF FF 00 0A 21 00 08 00 00 0A 01 00 10 00 10 01 00 00 00 00 00 00 48 F5 20 FF FF 00 00 00 00 00 00 00 00 00 00 00 00 00 17:56:42:943
00 FF FF 00 05 21 00 08 01 00 05 01 00 15 00 15 02 00 00 00 00 00 00 55 20 01 FF FF 00 00 00 00 00 00 00 00 00 00 00 00 00 17:56:43:000
00 FF FF 00 04 21 00 08 01 00 04 01 00 15 00 15 02 00 00 00 00 00 00 55 32 01 FF FF 00 00 00 00 00 00 00 00 00 00 00 00 00 17:56:43:003
00 FF FF 00 03 21 00 08 01 00 03 01 00 15 00 15 02 00 00 00 00 00 00 1C 1A 01 FF FF 00 00 00 00 00 00 00 00 00 00 00 00 00 17:56:43:004
00 FF FF 00 06 21 00 08 01 00 06 01 00 15 00 15 02 00 00 00 00 00 00 55 37 01 FF FF 00 00 00 00 00 00 00 00 00 00 00 00 00 17:56:43:016
00 FF FF 00 01 21 00 08 08 00 01 01 00 18 00 18 00 00 00 00 00 00 00 1C 0F 00 FF FF 00 00 00 00 00 00 00 00 00 00 00 00 00 17:56:43:048
00 FF FF 00 01 21 00 08 07 00 01 01 00 19 00 19 00 00 00 00 00 00 00 1C 8F 00 FF FF 00 00 00 00 00 00 00 00 00 00 00 00 00 17:56:43:091
00 FF FF 00 01 21 00 08 06 00 01 01 00 1A 00 1A 00 00 00 00 00 00 00 1C 9A 00 FF FF 00 00 00 00 00 00 00 00 00 00 00 00 00 17:56:43:093
00 FF FF 00 01 21 00 08 05 00 01 01 00 1B 00 1B 00 00 00 00 00 00 00 1C A6 00 FF FF 00 00 00 00 00 00 00 00 00 00 00 00 00 17:56:43:095
00 FF FF 00 01 21 00 08 04 00 01 01 00 1C 00 1C 00 00 00 00 00 00 00 1C B2 00 FF FF 00 00 00 00 00 00 00 00 00 00 00 00 00 17:56:43:096
00 FF FF 00 01 21 00 08 03 00 01 01 00 1D 00 1D 00 00 00 00 00 00 00 1C BE 00 FF FF 00 00 00 00 00 00 00 00 00 00 00 00 00 17:56:43:135
00 FF FF 00 01 21 00 08 02 00 01 01 00 1E 00 1E 00 00 00 00 00 00 00 1C C9 00 FF FF 00 00 00 00 00 00 00 00 00 00 00 00 00 17:56:43:137
00 FF FF 00 01 21 00 08 01 00 01 01 00 1F 00 1F 00 00 00 00 00 00 00 1C D5 00 FF FF 00 00 00 00 00 00 00 00 00 00 00 00 00 17:56:43:138
00 FF FF 00 02 21 00 08 03 00 02 02 00 1A 00 1B 00 00 00 00 64 00 00 1D 00 00 FF FF 00 00 00 00 00 00 00 00 00 00 00 00 00 17:56:43:195
00 FF FF 00 02 21 00 08 02 00 02 02 00 1C 00 1D 00 00 00 02 71 00 00 1D 0B 00 FF FF 00 00 00 00 00 00 00 00 00 00 00 00 00 17:56:43:197
00 FF FF 00 02 21 00 08 01 00 02 02 00 1E 00 1F 00 00 00 7A 12 00 00 1D 17 00 FF FF 00 00 00 00 00 00 00 00 00 00 00 00 00 17:56:43:198
00 FF FF 00 03 21 00 08 00 00 03 06 00 00 00 00 08 00 00 00 00 00 00 1D 0E 00 FF FF 00 00 00 00 00 00 00 00 00 00 00 00 00 17:56:43:258
00 FF FF 00 0A 21 00 08 04 00 0A 02 00 10 00 11 00 00 00 00 01 00 00 56 2C 00 FF FF 00 00 00 00 00 00 00 00 00 00 00 00 00 17:56:43:322
00 FF FF 00 0A 21 00 08 03 00 0A 02 00 12 00 13 00 00 00 00 00 00 00 56 8C 00 FF FF 00 00 00 00 00 00 00 00 00 00 00 00 00 17:56:43:367
00 FF FF 00 0A 21 00 08 02 00 0A 02 00 14 00 15 00 00 00 09 C4 00 00 56 98 00 FF FF 00 00 00 00 00 00 00 00 00 00 00 00 00 17:56:43:369
00 FF FF 00 0A 21 00 08 01 00 0A 02 00 16 00 17 00 00 00 3D 09 00 00 56 A3 00 FF FF 00 00 00 00 00 00 00 00 00 00 00 00 00 17:56:43:370
00 FF FF 00 0A 21 00 08 00 00 0A 01 00 18 00 18 01 00 00 00 00 00 00 56 A3 08 00 01 00 00 00 00 00 00 00 00 00 00 00 00 00 17:56:43:414
00 FF FF 00 05 21 00 08 01 00 05 01 00 1B 00 1B 02 00 00 00 00 00 00 57 00 01 FF FF 00 00 00 00 00 00 00 00 00 00 00 00 00 17:56:43:446
00 FF FF 00 00 21 00 08 01 00 00 01 00 1B 00 1B 02 00 00 00 00 00 00 1E 0C 01 FF FF 00 00 00 00 00 00 00 00 00 00 00 00 00 17:56:43:462
00 FF FF 00 01 21 00 08 00 00 01 06 00 00 00 00 08 00 00 00 00 00 00 1E 11 00 FF FF 00 00 00 00 00 00 00 00 00 00 00 00 00 17:56:43:510
00 FF FF 00 01 21 00 08 01 00 01 01 00 1B 00 1B 02 00 00 00 00 00 00 1E 71 01 FF FF 00 00 00 00 00 00 00 00 00 00 00 00 00 17:56:43:526
00 FF FF 00 02 21 00 08 00 00 02 06 00 00 00 00 08 00 00 00 00 00 00 1E 4F 00 FF FF 00 00 00 00 00 00 00 00 00 00 00 00 00 17:56:43:558
00 FF FF 00 0A 21 00 08 04 00 0A 02 00 18 00 19 00 00 00 00 01 00 00 57 E0 00 FF FF 00 00 00 00 00 00 00 00 00 00 00 00 00 17:56:43:750
00 FF FF 00 0A 21 00 08 03 00 0A 02 00 1A 00 1B 00 00 00 00 19 00 00 58 41 00 FF FF 00 00 00 00 00 00 00 00 00 00 00 00 00 17:56:43:795
00 FF FF 00 0A 21 00 08 02 00 0A 02 00 1C 00 1D 00 00 00 02 71 00 00 58 4D 00 FF FF 00 00 00 00 00 00 00 00 00 00 00 00 00 17:56:43:797
00 FF FF 00 0A 21 00 08 01 00 0A 02 00 1E 00 1F 00 00 00 B7 1B 00 00 58 58 00 FF FF 00 00 00 00 00 00 00 00 00 00 00 00 00 17:56:43:798
00 FF FF 00 0A 21 00 08 00 00 0A 06 00 00 00 00 08 00 00 00 00 00 00 5A 0D 00 FF FF 00 00 00 00 00 00 00 00 00 00 00 00 00 17:56:44:273
00 FF FF 00 00 21 00 08 08 00 00 01 00 00 00 00 00 00 00 00 01 00 00 0B BB 00 00 00 00 00 00 00 00 00 00 00 00 00 00 00 00 18:00:10:197
00 FF FF 00 00 21 00 08 07 00 00 01 00 01 00 01 00 00 00 00 05 00 00 0B C2 00 00 00 00 00 00 00 00 00 00 00 00 00 00 00 00 18:00:10:199
00 FF FF 00 00 21 00 08 06 00 00 01 00 02 00 02 00 00 00 00 19 00 00 0B CE 00 00 00 00 00 00 00 00 00 00 00 00 00 00 00 00 18:00:10:202
00 FF FF 00 00 21 00 08 05 00 00 01 00 03 00 03 00 00 00 00 7D 00 00 0B D9 00 00 00 00 00 00 00 00 00 00 00 00 00 00 00 00 18:00:10:204
00 FF FF 00 00 21 00 08 04 00 00 01 00 04 00 04 00 00 00 02 71 00 00 0B E5 00 00 00 00 00 00 00 00 00 00 00 00 00 00 00 00 18:00:10:234
00 FF FF 00 00 21 00 08 03 00 00 01 00 05 00 05 00 00 00 0C 35 00 00 0B F0 00 00 00 00 00 00 00 00 00 00 00 00 00 00 00 00 18:00:10:293
00 FF FF 00 00 21 00 08 02 00 00 01 00 06 00 06 00 00 00 3D 09 00 00 0B FC 00 00 00 00 00 00 00 00 00 00 00 00 00 00 00 00 18:00:10:294
00 FF FF 00 00 21 00 08 01 00 00 01 00 07 00 07 00 00 01 31 2D 00 00 0C 07 00 00 00 00 00 00 00 00 00 00 00 00 00 00 00 00 18:00:10:296
00 FF FF 00 02 21 00 08 04 00 02 02 00 00 00 01 00 00 00 00 02 00 00 0C 73 00 FF FF 00 00 00 00 00 00 00 00 00 00 00 00 00 18:00:10:350
00 FF FF 00 02 21 00 08 03 00 02 02 00 02 00 03 00 00 00 00 32 00 00 0C 7A 00 FF FF 00 00 00 00 00 00 00 00 00 00 00 00 00 18:00:10:373
00 FF FF 00 02 21 00 08 02 00 02 02 00 04 00 05 00 00 00 09 C4 00 00 0C 86 00 FF FF 00 00 00 00 00 00 00 00 00 00 00 00 00 18:00:10:396
00 FF FF 00 02 21 00 08 01 00 02 02 00 06 00 07 00 00 00 7A 12 00 00 0C 91 00 FF FF 00 00 00 00 00 00 00 00 00 00 00 00 00 18:00:10:397
00 FF FF 00 03 21 00 08 04 00 03 02 00 00 00 01 00 00 00 00 04 00 00 0C 9D 00 FF FF 00 00 00 00 00 00 00 00 00 00 00 00 00 18:00:10:425
00 FF FF 00 03 21 00 08 03 00 03 02 00 02 00 03 00 00 00 00 32 00 00 0C BD 00 FF FF 00 00 00 00 00 00 00 00 00 00 00 00 00 18:00:10:427
00 FF FF 00 03 21 00 08 02 00 03 02 00 04 00 05 00 00 00 09 C4 00 00 0C C9 00 FF FF 00 00 00 00 00 00 00 00 00 00 00 00 00 18:00:10:429
00 FF FF 00 03 21 00 08 01 00 03 02 00 06 00 07 00 00 00 00 00 00 00 0C D4 00 FF FF 00 00 00 00 00 00 00 00 00 00 00 00 00 18:00:10:465
00 FF FF 00 04 21 00 08 04 00 04 02 00 00 00 01 00 00 00 00 04 00 00 02 4F 00 FF FF 00 00 00 00 00 00 00 00 00 00 00 00 00 18:00:10:500
00 FF FF 00 04 21 00 08 03 00 04 02 00 02 00 03 00 00 00 00 19 00 00 02 A3 00 FF FF 00 00 00 00 00 00 00 00 00 00 00 00 00 18:00:10:502
00 FF FF 00 04 21 00 08 02 00 04 02 00 04 00 05 00 00 00 02 71 00 00 02 AE 00 FF FF 00 00 00 00 00 00 00 00 00 00 00 00 00 18:00:10:504
00 FF FF 00 04 21 00 08 01 00 04 02 00 06 00 07 00 00 00 B7 1B 00 00 02 BA 00 FF FF 00 00 00 00 00 00 00 00 00 00 00 00 00 18:00:10:505
00 FF FF 00 06 21 00 08 04 00 06 02 00 00 00 01 00 00 00 00 00 00 00 02 52 00 FF FF 00 00 00 00 00 00 00 00 00 00 00 00 00 18:00:10:511
00 FF FF 00 06 21 00 08 03 00 06 02 00 02 00 03 00 00 00 00 19 00 00 02 F5 00 FF FF 00 00 00 00 00 00 00 00 00 00 00 00 00 18:00:10:525
00 FF FF 00 06 21 00 08 02 00 06 02 00 04 00 05 00 00 00 04 E2 00 00 03 00 00 FF FF 00 00 00 00 00 00 00 00 00 00 00 00 00 18:00:10:546
00 FF FF 00 06 21 00 08 01 00 06 02 00 06 00 07 00 00 00 3D 09 00 00 03 0C 00 FF FF 00 00 00 00 00 00 00 00 00 00 00 00 00 18:00:10:548
00 FF FF 00 07 21 00 08 04 00 07 02 00 00 00 01 00 00 00 00 01 00 00 02 70 00 FF FF 00 00 00 00 00 00 00 00 00 00 00 00 00 18:00:10:563
00 FF FF 00 07 21 00 08 03 00 07 02 00 02 00 03 00 00 00 00 19 00 00 03 37 00 FF FF 00 00 00 00 00 00 00 00 00 00 00 00 00 18:00:10:612
00 FF FF 00 07 21 00 08 02 00 07 02 00 04 00 05 00 00 00 07 53 00 00 03 43 00 FF FF 00 00 00 00 00 00 00 00 00 00 00 00 00 18:00:10:613
00 FF FF 00 07 21 00 08 01 00 07 02 00 06 00 07 00 00 00 F4 24 00 00 03 4E 00 FF FF 00 00 00 00 00 00 00 00 00 00 00 00 00 18:00:10:615
00 FF FF 00 05 21 00 08 04 00 05 02 00 00 00 01 00 00 00 00 02 00 00 03 17 00 FF FF 00 00 00 00 00 00 00 00 00 00 00 00 00 18:00:10:654
00 FF FF 00 05 21 00 08 03 00 05 02 00 02 00 03 00 00 00 00 19 00 00 03 54 00 FF FF 00 00 00 00 00 00 00 00 00 00 00 00 00 18:00:10:656
00 FF FF 00 05 21 00 08 02 00 05 02 00 04 00 05 00 00 00 04 E2 00 00 03 5F 00 FF FF 00 00 00 00 00 00 00 00 00 00 00 00 00 18:00:10:657
00 FF FF 00 05 21 00 08 01 00 05 02 00 06 00 07 00 00 00 00 00 00 00 03 6B 00 FF FF 00 00 00 00 00 00 00 00 00 00 00 00 00 18:00:10:659
00 FF FF 00 09 21 00 08 04 00 09 02 00 00 00 01 00 00 00 00 00 00 00 02 52 00 FF FF 00 00 00 00 00 00 00 00 00 00 00 00 00 18:00:10:682
00 FF FF 00 09 21 00 08 03 00 09 02 00 02 00 03 00 00 00 00 19 00 00 03 99 00 FF FF 00 00 00 00 00 00 00 00 00 00 00 00 00 18:00:10:684
00 FF FF 00 09 21 00 08 02 00 09 02 00 04 00 05 00 00 00 04 E2 00 00 03 A4 00 FF FF 00 00 00 00 00 00 00 00 00 00 00 00 00 18:00:10:751
00 FF FF 00 08 21 00 08 02 00 08 02 00 04 00 05 00 00 00 07 53 00 00 03 8A 00 FF FF 00 00 00 00 00 00 00 00 00 00 00 00 00 18:00:10:752
00 FF FF 00 09 21 00 08 01 00 09 02 00 06 00 07 00 00 00 3D 09 00 00 03 B0 00 FF FF 00 00 00 00 00 00 00 00 00 00 00 00 00 18:00:10:753
00 FF FF 00 08 21 00 08 01 00 08 02 00 06 00 07 00 00 00 7A 12 00 00 03 9B 00 FF FF 00 00 00 00 00 00 00 00 00 00 00 00 00 18:00:10:754
00 FF FF 00 0A 21 00 08 04 00 0A 02 00 00 00 01 00 00 00 00 04 00 00 02 67 00 FF FF 00 00 00 00 00 00 00 00 00 00 00 00 00 18:00:10:755
00 FF FF 00 0A 21 00 08 03 00 0A 02 00 02 00 03 00 00 00 00 19 00 00 03 C7 00 FF FF 00 00 00 00 00 00 00 00 00 00 00 00 00 18:00:10:756
00 FF FF 00 0A 21 00 08 02 00 0A 02 00 04 00 05 00 00 00 02 71 00 00 03 D2 00 FF FF 00 00 00 00 00 00 00 00 00 00 00 00 00 18:00:10:757
00 FF FF 00 0A 21 00 08 01 00 0A 02 00 06 00 07 00 00 00 7A 12 00 00 03 DE 00 FF FF 00 00 00 00 00 00 00 00 00 00 00 00 00 18:00:10:787
00 FF FF 00 00 21 00 08 08 00 00 01 00 08 00 08 00 00 00 00 01 00 00 0E 0D 00 00 00 00 00 00 00 00 00 00 00 00 00 00 00 00 18:00:10:788
00 FF FF 00 00 21 00 08 07 00 00 01 00 09 00 09 00 00 00 00 05 00 00 0E 28 00 00 00 00 00 00 00 00 00 00 00 00 00 00 00 00 18:00:10:789
00 FF FF 00 00 21 00 08 06 00 00 01 00 0A 00 0A 00 00 00 00 19 00 00 0E 33 00 00 00 00 00 00 00 00 00 00 00 00 00 00 00 00 18:00:10:790
00 FF FF 00 00 21 00 08 05 00 00 01 00 0B 00 0B 00 00 00 00 7D 00 00 0E 3F 00 00 00 00 00 00 00 00 00 00 00 00 00 00 00 00 18:00:10:847
00 FF FF 00 00 21 00 08 04 00 00 01 00 0C 00 0C 00 00 00 02 71 00 00 0E 4B 00 00 00 00 00 00 00 00 00 00 00 00 00 00 00 00 18:00:10:849
00 FF FF 00 00 21 00 08 03 00 00 01 00 0D 00 0D 00 00 00 0C 35 00 00 0E 56 00 00 00 00 00 00 00 00 00 00 00 00 00 00 00 00 18:00:10:850
00 FF FF 00 00 21 00 08 02 00 00 01 00 0E 00 0E 00 00 00 3D 09 00 00 0E 62 00 00 00 00 00 00 00 00 00 00 00 00 00 00 00 00 18:00:10:852
00 FF FF 00 00 21 00 08 01 00 00 01 00 0F 00 0F 00 00 01 31 2D 00 00 0E 6D 00 00 00 00 00 00 00 00 00 00 00 00 00 00 00 00 18:00:10:897
00 FF FF 00 01 21 00 08 04 00 01 02 00 00 00 01 00 00 00 00 01 00 00 0C 8B 00 FF FF 00 00 00 00 00 00 00 00 00 00 00 00 00 18:00:10:898
00 FF FF 00 01 21 00 08 03 00 01 02 00 02 00 03 00 00 00 00 32 00 00 0E 85 00 FF FF 00 00 00 00 00 00 00 00 00 00 00 00 00 18:00:10:900
00 FF FF 00 01 21 00 08 02 00 01 02 00 04 00 05 00 00 00 09 C4 00 00 0E 91 00 FF FF 00 00 00 00 00 00 00 00 00 00 00 00 00 18:00:10:902
00 FF FF 00 01 21 00 08 01 00 01 02 00 06 00 07 00 00 00 7A 12 00 00 0E 9C 00 FF FF 00 00 00 00 00 00 00 00 00 00 00 00 00 18:00:10:904
00 FF FF 00 04 21 00 08 04 00 04 02 00 08 00 09 00 00 00 00 04 00 00 04 81 00 FF FF 00 00 00 00 00 00 00 00 00 00 00 00 00 18:00:10:980
00 FF FF 00 04 21 00 08 03 00 04 02 00 0A 00 0B 00 00 00 00 32 00 00 04 9C 00 FF FF 00 00 00 00 00 00 00 00 00 00 00 00 00 18:00:10:981
00 FF FF 00 04 21 00 08 02 00 04 02 00 0C 00 0D 00 00 00 04 E2 00 00 04 A8 00 FF FF 00 00 00 00 00 00 00 00 00 00 00 00 00 18:00:10:982
00 FF FF 00 04 21 00 08 01 00 04 02 00 0E 00 0F 00 00 00 F4 24 00 00 04 B4 00 FF FF 00 00 00 00 00 00 00 00 00 00 00 00 00 18:00:11:041
00 FF FF 00 03 21 00 08 04 00 03 02 00 08 00 09 00 00 00 00 01 00 00 0E E5 00 FF FF 00 00 00 00 00 00 00 00 00 00 00 00 00 18:00:11:042
00 FF FF 00 03 21 00 08 03 00 03 02 00 0A 00 0B 00 00 00 00 32 00 00 0F 13 00 FF FF 00 00 00 00 00 00 00 00 00 00 00 00 00 18:00:11:044
00 FF FF 00 03 21 00 08 02 00 03 02 00 0C 00 0D 00 00 00 07 53 00 00 0F 1F 00 FF FF 00 00 00 00 00 00 00 00 00 00 00 00 00 18:00:11:048
00 FF FF 00 03 21 00 08 01 00 03 02 00 0E 00 0F 00 00 00 3D 09 00 00 0F 2B 00 FF FF 00 00 00 00 00 00 00 00 00 00 00 00 00 18:00:11:050
00 FF FF 00 06 21 00 08 04 00 06 02 00 08 00 09 00 00 00 00 01 00 00 04 AC 00 FF FF 00 00 00 00 00 00 00 00 00 00 00 00 00 18:00:11:051
00 FF FF 00 06 21 00 08 03 00 06 02 00 0A 00 0B 00 00 00 00 64 00 00 05 17 00 FF FF 00 00 00 00 00 00 00 00 00 00 00 00 00 18:00:11:053
00 FF FF 00 06 21 00 08 02 00 06 02 00 0C 00 0D 00 00 00 09 C4 00 00 05 23 00 FF FF 00 00 00 00 00 00 00 00 00 00 00 00 00 18:00:11:104
00 FF FF 00 06 21 00 08 01 00 06 02 00 0E 00 0F 00 00 00 F4 24 00 00 05 2F 00 FF FF 00 00 00 00 00 00 00 00 00 00 00 00 00 18:00:11:105
00 FF FF 00 01 21 00 08 00 00 01 01 00 08 00 08 01 00 00 00 00 00 00 0E 9C 7F 00 00 00 00 00 00 00 00 00 00 00 00 00 00 00 18:00:11:126
00 FF FF 00 09 21 00 08 01 00 09 02 00 0E 00 0F 00 00 00 F4 24 00 00 05 7A 00 FF FF 00 00 00 00 00 00 00 00 00 00 00 00 00 18:00:11:157
00 FF FF 00 07 21 00 08 01 00 07 02 00 0E 00 0F 00 00 00 7A 12 00 00 05 7F 00 FF FF 00 00 00 00 00 00 00 00 00 00 00 00 00 18:00:11:158
00 FF FF 00 0A 21 00 08 04 00 0A 02 00 08 00 09 00 00 00 00 02 00 00 04 B9 00 FF FF 00 00 00 00 00 00 00 00 00 00 00 00 00 18:00:11:219
00 FF FF 00 0A 21 00 08 03 00 0A 02 00 0A 00 0B 00 00 00 00 32 00 00 05 A0 00 FF FF 00 00 00 00 00 00 00 00 00 00 00 00 00 18:00:11:220
00 FF FF 00 0A 21 00 08 02 00 0A 02 00 0C 00 0D 00 00 00 09 C4 00 00 05 AB 00 FF FF 00 00 00 00 00 00 00 00 00 00 00 00 00 18:00:11:221
00 FF FF 00 0A 21 00 08 01 00 0A 02 00 0E 00 0F 00 00 00 3D 09 00 00 05 B7 00 FF FF 00 00 00 00 00 00 00 00 00 00 00 00 00 18:00:11:222
00 FF FF 00 03 21 00 08 07 00 03 01 00 08 00 08 02 00 00 00 00 00 00 0F AC 7F FF FF 00 00 00 00 00 00 00 00 00 00 00 00 00 18:00:11:264
00 FF FF 00 03 21 00 08 06 00 03 01 00 09 00 09 02 00 00 00 00 00 00 10 26 3F FF FF 00 00 00 00 00 00 00 00 00 00 00 00 00 18:00:11:265
00 FF FF 00 02 21 00 08 03 00 02 02 00 0A 00 0B 00 00 00 00 00 00 00 10 16 00 FF FF 00 00 00 00 00 00 00 00 00 00 00 00 00 18:00:11:306
00 FF FF 00 03 21 00 08 05 00 03 01 00 0A 00 0A 02 00 00 00 00 00 00 10 32 1F FF FF 00 00 00 00 00 00 00 00 00 00 00 00 00 18:00:11:307
00 FF FF 00 03 21 00 08 04 00 03 01 00 0B 00 0B 02 00 00 00 00 00 00 10 40 0F FF FF 00 00 00 00 00 00 00 00 00 00 00 00 00 18:00:11:308
00 FF FF 00 03 21 00 08 03 00 03 01 00 0C 00 0C 02 00 00 00 00 00 00 10 4C 07 FF FF 00 00 00 00 00 00 00 00 00 00 00 00 00 18:00:11:309
00 FF FF 00 03 21 00 08 02 00 03 01 00 0D 00 0D 02 00 00 00 00 00 00 10 57 03 FF FF 00 00 00 00 00 00 00 00 00 00 00 00 00 18:00:11:333
00 FF FF 00 03 21 00 08 01 00 03 01 00 0E 00 0E 02 00 00 00 00 00 00 10 63 01 FF FF 00 00 00 00 00 00 00 00 00 00 00 00 00 18:00:11:334
00 FF FF 00 02 21 00 08 02 00 02 02 00 0C 00 0D 00 00 00 09 C4 00 00 10 28 00 FF FF 00 00 00 00 00 00 00 00 00 00 00 00 00 18:00:11:348
00 FF FF 00 02 21 00 08 01 00 02 02 00 0E 00 0F 00 00 00 3D 09 00 00 10 79 00 FF FF 00 00 00 00 00 00 00 00 00 00 00 00 00 18:00:11:364
00 FF FF 00 04 21 00 08 07 00 04 01 00 08 00 08 02 00 00 00 00 00 00 05 83 7F FF FF 00 00 00 00 00 00 00 00 00 00 00 00 00 18:00:11:411
00 FF FF 00 04 21 00 08 06 00 04 01 00 09 00 09 02 00 00 00 00 00 00 06 61 3F FF FF 00 00 00 00 00 00 00 00 00 00 00 00 00 18:00:11:412
00 FF FF 00 04 21 00 08 05 00 04 01 00 0A 00 0A 02 00 00 00 00 00 00 06 6D 1F FF FF 00 00 00 00 00 00 00 00 00 00 00 00 00 18:00:11:413
00 FF FF 00 04 21 00 08 04 00 04 01 00 0B 00 0B 02 00 00 00 00 00 00 06 78 0F FF FF 00 00 00 00 00 00 00 00 00 00 00 00 00 18:00:11:457
00 FF FF 00 04 21 00 08 03 00 04 01 00 0C 00 0C 02 00 00 00 00 00 00 06 84 07 FF FF 00 00 00 00 00 00 00 00 00 00 00 00 00 18:00:11:458
00 FF FF 00 04 21 00 08 02 00 04 01 00 0D 00 0D 02 00 00 00 00 00 00 06 90 03 FF FF 00 00 00 00 00 00 00 00 00 00 00 00 00 18:00:11:459
00 FF FF 00 04 21 00 08 01 00 04 01 00 10 00 10 01 00 00 00 00 00 00 06 90 FF 00 00 00 00 00 00 00 00 00 00 00 00 00 00 00 18:00:11:516
00 FF FF 00 03 21 00 08 00 00 03 01 00 10 00 10 01 00 00 00 00 00 00 10 63 FF 00 00 00 00 00 00 00 00 00 00 00 00 00 00 00 18:00:11:517
00 FF FF 00 06 21 00 08 07 00 06 01 00 08 00 08 02 00 00 00 00 00 00 05 A6 7F FF FF 00 00 00 00 00 00 00 00 00 00 00 00 00 18:00:11:518
00 FF FF 00 06 21 00 08 06 00 06 01 00 09 00 09 02 00 00 00 00 00 00 06 DC 3F FF FF 00 00 00 00 00 00 00 00 00 00 00 00 00 18:00:11:519
00 FF FF 00 06 21 00 08 05 00 06 01 00 0A 00 0A 02 00 00 00 00 00 00 06 E8 1F FF FF 00 00 00 00 00 00 00 00 00 00 00 00 00 18:00:11:520
00 FF FF 00 06 21 00 08 04 00 06 01 00 0B 00 0B 02 00 00 00 00 00 00 06 F3 0F FF FF 00 00 00 00 00 00 00 00 00 00 00 00 00 18:00:11:521
00 FF FF 00 06 21 00 08 03 00 06 01 00 0C 00 0C 02 00 00 00 00 00 00 06 FF 07 FF FF 00 00 00 00 00 00 00 00 00 00 00 00 00 18:00:11:557
00 FF FF 00 06 21 00 08 02 00 06 01 00 0D 00 0D 02 00 00 00 00 00 00 07 0A 03 FF FF 00 00 00 00 00 00 00 00 00 00 00 00 00 18:00:11:558
00 FF FF 00 06 21 00 08 01 00 06 01 00 0E 00 0E 02 00 00 00 00 00 00 07 16 01 FF FF 00 00 00 00 00 00 00 00 00 00 00 00 00 18:00:11:559
00 FF FF 00 05 21 00 08 04 00 05 02 00 08 00 09 00 00 00 00 04 00 00 04 BF 00 FF FF 00 00 00 00 00 00 00 00 00 00 00 00 00 18:00:11:571
00 FF FF 00 05 21 00 08 03 00 05 02 00 0A 00 0B 00 00 00 00 00 00 00 07 2B 00 FF FF 00 00 00 00 00 00 00 00 00 00 00 00 00 18:00:11:618
00 FF FF 00 05 21 00 08 02 00 05 02 00 0C 00 0D 00 00 00 04 E2 00 00 07 36 00 FF FF 00 00 00 00 00 00 00 00 00 00 00 00 00 18:00:11:619
00 FF FF 00 05 21 00 08 01 00 05 02 00 0E 00 0F 00 00 00 F4 24 00 00 07 41 00 FF FF 00 00 00 00 00 00 00 00 00 00 00 00 00 18:00:11:620
00 FF FF 00 05 21 00 08 00 00 05 01 00 10 00 10 01 00 00 00 00 00 00 07 41 FF 00 00 00 00 00 00 00 00 00 00 00 00 00 00 00 18:00:11:621
00 FF FF 00 00 21 00 08 07 00 00 01 00 08 00 08 02 00 00 00 00 00 00 0F CE 7F FF FF 00 00 00 00 00 00 00 00 00 00 00 00 00 18:00:11:720
00 FF FF 00 07 21 00 08 00 00 07 01 00 10 00 10 01 00 00 00 00 00 00 05 7F FF 00 00 00 00 00 00 00 00 00 00 00 00 00 00 00 18:00:11:721
00 FF FF 00 00 21 00 08 06 00 00 01 00 09 00 09 02 00 00 00 00 00 00 11 AE 3F FF FF 00 00 00 00 00 00 00 00 00 00 00 00 00 18:00:11:722
00 FF FF 00 00 21 00 08 05 00 00 01 00 0A 00 0A 02 00 00 00 00 00 00 11 BD 1F FF FF 00 00 00 00 00 00 00 00 00 00 00 00 00 18:00:11:723
00 FF FF 00 00 21 00 08 04 00 00 01 00 0B 00 0B 02 00 00 00 00 00 00 11 C9 0F FF FF 00 00 00 00 00 00 00 00 00 00 00 00 00 18:00:11:756
00 FF FF 00 00 21 00 08 03 00 00 01 00 0C 00 0C 02 00 00 00 00 00 00 11 D4 07 FF FF 00 00 00 00 00 00 00 00 00 00 00 00 00 18:00:11:758
00 FF FF 00 00 21 00 08 02 00 00 01 00 0D 00 0D 02 00 00 00 00 00 00 11 E0 03 FF FF 00 00 00 00 00 00 00 00 00 00 00 00 00 18:00:11:760
00 FF FF 00 00 21 00 08 01 00 00 01 00 0E 00 0E 02 00 00 00 00 00 00 11 EB 01 FF FF 00 00 00 00 00 00 00 00 00 00 00 00 00 18:00:11:761
00 FF FF 00 07 21 00 08 00 00 07 01 00 10 00 10 01 00 00 00 00 00 00 05 7F FF FF FF 00 00 00 00 00 00 00 00 00 00 00 00 00 18:00:11:761
00 FF FF 00 0A 21 00 08 00 00 0A 01 00 10 00 10 01 00 00 00 00 00 00 05 B7 FF 00 00 00 00 00 00 00 00 00 00 00 00 00 00 00 18:00:11:762
00 FF FF 00 0A 21 00 08 00 00 0A 01 00 10 00 10 01 00 00 00 00 00 00 05 B7 FF FF FF 00 00 00 00 00 00 00 00 00 00 00 00 00 18:00:11:769
00 FF FF 00 01 21 00 08 00 00 01 01 00 08 00 08 01 00 00 00 00 00 00 0E 9C 28 00 03 00 00 00 00 00 00 00 00 00 00 00 00 00 18:00:11:785
00 FF FF 00 06 21 00 08 00 00 06 01 00 10 00 10 01 00 00 00 00 00 00 07 16 FF 00 00 00 00 00 00 00 00 00 00 00 00 00 00 00 18:00:11:801
00 FF FF 00 09 21 00 08 00 00 09 01 00 10 00 10 01 00 00 00 00 00 00 05 7A FF 00 00 00 00 00 00 00 00 00 00 00 00 00 00 00 18:00:11:849
00 FF FF 00 09 21 00 08 00 00 09 01 00 10 00 10 01 00 00 00 00 00 00 05 7A FF FF FF 00 00 00 00 00 00 00 00 00 00 00 00 00 18:00:11:850
00 FF FF 00 08 21 00 08 02 00 08 01 00 0B 00 0B 02 00 00 00 00 00 00 08 10 05 FF FF 00 00 00 00 00 00 00 00 00 00 00 00 00 18:00:11:878
00 FF FF 00 08 21 00 08 01 00 08 01 00 0D 00 0D 02 00 00 00 00 00 00 08 45 01 FF FF 00 00 00 00 00 00 00 00 00 00 00 00 00 18:00:11:879
00 FF FF 00 00 21 00 08 02 00 00 01 00 0B 00 0B 02 00 00 00 00 00 00 12 5F 05 FF FF 00 00 00 00 00 00 00 00 00 00 00 00 00 18:00:11:906
00 FF FF 00 00 21 00 08 01 00 00 01 00 0D 00 0D 02 00 00 00 00 00 00 12 A4 01 FF FF 00 00 00 00 00 00 00 00 00 00 00 00 00 18:00:11:908
00 FF FF 00 07 21 00 08 02 00 07 01 00 0B 00 0B 02 00 00 00 00 00 00 08 3D 05 FF FF 00 00 00 00 00 00 00 00 00 00 00 00 00 18:00:11:922
00 FF FF 00 07 21 00 08 01 00 07 01 00 0D 00 0D 02 00 00 00 00 00 00 08 9D 01 FF FF 00 00 00 00 00 00 00 00 00 00 00 00 00 18:00:11:923
00 FF FF 00 0A 21 00 08 02 00 0A 01 00 0B 00 0B 02 00 00 00 00 00 00 08 28 05 FF FF 00 00 00 00 00 00 00 00 00 00 00 00 00 18:00:11:938
00 FF FF 00 0A 21 00 08 01 00 0A 01 00 0D 00 0D 02 00 00 00 00 00 00 08 A4 01 FF FF 00 00 00 00 00 00 00 00 00 00 00 00 00 18:00:11:954
00 FF FF 00 03 21 00 08 01 00 03 01 00 0D 00 0D 02 00 00 00 00 00 00 13 09 01 FF FF 00 00 00 00 00 00 00 00 00 00 00 00 00 18:00:12:045
00 FF FF 00 04 21 00 08 01 00 04 01 00 0D 00 0D 02 00 00 00 00 00 00 08 C6 01 FF FF 00 00 00 00 00 00 00 00 00 00 00 00 00 18:00:12:047
00 FF FF 00 02 21 00 08 01 00 02 01 00 0D 00 0D 02 00 00 00 00 00 00 12 F9 01 FF FF 00 00 00 00 00 00 00 00 00 00 00 00 00 18:00:12:049
00 FF FF 00 05 21 00 08 02 00 05 01 00 0B 00 0B 02 00 00 00 00 00 00 08 34 05 FF FF 00 00 00 00 00 00 00 00 00 00 00 00 00 18:00:12:051
00 FF FF 00 05 21 00 08 01 00 05 01 00 0D 00 0D 02 00 00 00 00 00 00 08 F8 01 FF FF 00 00 00 00 00 00 00 00 00 00 00 00 00 18:00:12:052
00 FF FF 00 08 21 00 08 00 00 08 01 00 10 00 10 01 00 00 00 00 00 00 08 45 FF FF FF 00 00 00 00 00 00 00 00 00 00 00 00 00 18:00:12:077
00 FF FF 00 01 21 00 08 00 00 01 01 00 08 00 08 01 00 00 00 00 00 00 0E 9C 28 FF FF 00 00 00 00 00 00 00 00 00 00 00 00 00 18:00:12:109
00 FF FF 00 00 21 00 08 02 00 00 01 00 0B 00 0B 02 00 00 00 00 00 00 13 99 05 FF FF 00 00 00 00 00 00 00 00 00 00 00 00 00 18:00:12:141
00 FF FF 00 00 21 00 08 01 00 00 01 00 0D 00 0D 02 00 00 00 00 00 00 13 AA 01 FF FF 00 00 00 00 00 00 00 00 00 00 00 00 00 18:00:12:157
00 FF FF 00 03 21 00 08 00 00 03 01 00 10 00 10 01 00 00 00 00 00 00 13 09 FF FF FF 00 00 00 00 00 00 00 00 00 00 00 00 00 18:00:12:194
00 FF FF 00 02 21 00 08 00 00 02 01 00 10 00 10 01 00 00 00 00 00 00 12 F9 FF FF FF 00 00 00 00 00 00 00 00 00 00 00 00 00 18:00:12:242
00 FF FF 00 06 21 00 08 01 00 06 01 00 0D 00 0D 02 00 00 00 00 00 00 09 D6 01 FF FF 00 00 00 00 00 00 00 00 00 00 00 00 00 18:00:12:243
00 FF FF 00 05 21 00 08 01 00 05 01 00 0D 00 0D 02 00 00 00 00 00 00 09 F5 01 FF FF 00 00 00 00 00 00 00 00 00 00 00 00 00 18:00:12:288
00 FF FF 00 04 21 00 08 00 00 04 01 00 10 00 10 01 00 00 00 00 00 00 09 E8 FF FF FF 00 00 00 00 00 00 00 00 00 00 00 00 00 18:00:12:366
00 FF FF 00 05 21 00 08 00 00 05 01 00 10 00 10 01 00 00 00 00 00 00 09 F5 FF FF FF 00 00 00 00 00 00 00 00 00 00 00 00 00 18:00:12:367
00 FF FF 00 01 21 00 08 00 00 01 01 00 08 00 08 01 00 00 00 00 00 00 0E 9C 20 00 00 00 00 00 00 00 00 00 00 00 00 00 00 00 18:00:12:429
00 FF FF 00 07 21 00 08 01 00 07 01 00 0D 00 0D 02 00 00 00 00 00 00 0A B2 01 FF FF 00 00 00 00 00 00 00 00 00 00 00 00 00 18:00:12:477
00 FF FF 00 00 21 00 08 01 00 00 01 00 0D 00 0D 02 00 00 00 00 00 00 15 02 01 FF FF 00 00 00 00 00 00 00 00 00 00 00 00 00 18:00:12:493
00 FF FF 00 08 21 00 08 01 00 08 01 00 0D 00 0D 02 00 00 00 00 00 00 0A B7 01 FF FF 00 00 00 00 00 00 00 00 00 00 00 00 00 18:00:12:509
00 FF FF 00 02 21 00 08 01 00 02 01 00 0D 00 0D 02 00 00 00 00 00 00 14 F6 01 FF FF 00 00 00 00 00 00 00 00 00 00 00 00 00 18:00:12:556
00 FF FF 00 05 21 00 08 01 00 05 01 00 0D 00 0D 02 00 00 00 00 00 00 0A B7 01 FF FF 00 00 00 00 00 00 00 00 00 00 00 00 00 18:00:12:589
00 FF FF 00 09 21 00 08 01 00 09 01 00 0D 00 0D 02 00 00 00 00 00 00 0A B5 01 FF FF 00 00 00 00 00 00 00 00 00 00 00 00 00 18:00:12:637
00 FF FF 00 00 21 00 08 08 00 00 01 00 10 00 10 00 00 00 00 01 00 00 15 1C 00 FF FF 00 00 00 00 00 00 00 00 00 00 00 00 00 18:00:12:685
00 FF FF 00 00 21 00 08 07 00 00 01 00 11 00 11 00 00 00 00 05 00 00 15 D7 00 FF FF 00 00 00 00 00 00 00 00 00 00 00 00 00 18:00:12:742
00 FF FF 00 00 21 00 08 06 00 00 01 00 12 00 12 00 00 00 00 19 00 00 15 E3 00 FF FF 00 00 00 00 00 00 00 00 00 00 00 00 00 18:00:12:744
00 FF FF 00 00 21 00 08 05 00 00 01 00 13 00 13 00 00 00 00 7D 00 00 15 EE 00 FF FF 00 00 00 00 00 00 00 00 00 00 00 00 00 18:00:12:745
00 FF FF 00 00 21 00 08 04 00 00 01 00 14 00 14 00 00 00 02 71 00 00 15 FA 00 FF FF 00 00 00 00 00 00 00 00 00 00 00 00 00 18:00:12:747
00 FF FF 00 00 21 00 08 03 00 00 01 00 15 00 15 00 00 00 0C 35 00 00 16 06 00 FF FF 00 00 00 00 00 00 00 00 00 00 00 00 00 18:00:12:749
00 FF FF 00 00 21 00 08 02 00 00 01 00 16 00 16 00 00 00 3D 09 00 00 16 11 00 FF FF 00 00 00 00 00 00 00 00 00 00 00 00 00 18:00:12:772
00 FF FF 00 00 21 00 08 01 00 00 01 00 17 00 17 00 00 01 31 2D 00 00 16 1D 00 FF FF 00 00 00 00 00 00 00 00 00 00 00 00 00 18:00:12:773
00 FF FF 00 01 21 00 08 04 00 01 02 00 08 00 09 00 00 00 00 03 00 00 15 E6 00 FF FF 00 00 00 00 00 00 00 00 00 00 00 00 00 18:00:12:814
00 FF FF 00 01 21 00 08 03 00 01 02 00 0A 00 0B 00 00 00 00 64 00 00 16 3E 00 FF FF 00 00 00 00 00 00 00 00 00 00 00 00 00 18:00:12:815
00 FF FF 00 01 21 00 08 02 00 01 02 00 0C 00 0D 00 00 00 07 53 00 00 16 4A 00 FF FF 00 00 00 00 00 00 00 00 00 00 00 00 00 18:00:12:817
00 FF FF 00 01 21 00 08 01 00 01 02 00 0E 00 0F 00 00 00 F4 24 00 00 16 56 00 FF FF 00 00 00 00 00 00 00 00 00 00 00 00 00 18:00:12:819
00 FF FF 00 01 21 00 08 00 00 01 01 00 10 00 10 01 00 00 00 00 00 00 16 56 FE 00 00 00 00 00 00 00 00 00 00 00 00 00 00 00 18:00:13:007
00 FF FF 00 06 21 00 08 04 00 06 02 00 10 00 11 00 00 00 00 02 00 00 0C 76 00 FF FF 00 00 00 00 00 00 00 00 00 00 00 00 00 18:00:13:009
00 FF FF 00 06 21 00 08 03 00 06 02 00 12 00 13 00 00 00 00 00 00 00 0C A1 00 FF FF 00 00 00 00 00 00 00 00 00 00 00 00 00 18:00:13:011
00 FF FF 00 06 21 00 08 02 00 06 02 00 14 00 15 00 00 00 09 C4 00 00 0C AC 00 FF FF 00 00 00 00 00 00 00 00 00 00 00 00 00 18:00:13:013
00 FF FF 00 06 21 00 08 01 00 06 02 00 16 00 17 00 00 00 F4 24 00 00 0C B8 00 FF FF 00 00 00 00 00 00 00 00 00 00 00 00 00 18:00:13:014
00 FF FF 00 09 21 00 08 08 00 09 01 00 10 00 10 00 00 00 00 00 00 00 0C 6D 00 FF FF 00 00 00 00 00 00 00 00 00 00 00 00 00 18:00:13:016
00 FF FF 00 09 21 00 08 07 00 09 01 00 11 00 11 00 00 00 00 00 00 00 0C CA 00 FF FF 00 00 00 00 00 00 00 00 00 00 00 00 00 18:00:13:018
00 FF FF 00 09 21 00 08 06 00 09 01 00 12 00 12 00 00 00 00 00 00 00 0C D6 00 FF FF 00 00 00 00 00 00 00 00 00 00 00 00 00 18:00:13:020
00 FF FF 00 09 21 00 08 05 00 09 01 00 13 00 13 00 00 00 00 00 00 00 0C E1 00 FF FF 00 00 00 00 00 00 00 00 00 00 00 00 00 18:00:13:022
00 FF FF 00 09 21 00 08 04 00 09 01 00 14 00 14 00 00 00 00 00 00 00 0C ED 00 FF FF 00 00 00 00 00 00 00 00 00 00 00 00 00 18:00:13:024
00 FF FF 00 09 21 00 08 03 00 09 01 00 15 00 15 00 00 00 00 00 00 00 0C F9 00 FF FF 00 00 00 00 00 00 00 00 00 00 00 00 00 18:00:13:025
00 FF FF 00 09 21 00 08 02 00 09 01 00 16 00 16 00 00 00 00 00 00 00 0D 04 00 FF FF 00 00 00 00 00 00 00 00 00 00 00 00 00 18:00:13:103
00 FF FF 00 09 21 00 08 01 00 09 01 00 17 00 17 00 00 00 00 00 00 00 0D 10 00 FF FF 00 00 00 00 00 00 00 00 00 00 00 00 00 18:00:13:105
00 FF FF 00 00 21 00 08 07 00 00 01 00 11 00 11 02 00 00 00 00 00 00 16 D7 7F FF FF 00 00 00 00 00 00 00 00 00 00 00 00 00 18:00:13:106
00 FF FF 00 00 21 00 08 06 00 00 01 00 12 00 12 02 00 00 00 00 00 00 17 4A 3F FF FF 00 00 00 00 00 00 00 00 00 00 00 00 00 18:00:13:108
00 FF FF 00 00 21 00 08 05 00 00 01 00 13 00 13 02 00 00 00 00 00 00 17 55 1F FF FF 00 00 00 00 00 00 00 00 00 00 00 00 00 18:00:13:110
00 FF FF 00 00 21 00 08 04 00 00 01 00 14 00 14 02 00 00 00 00 00 00 17 61 0F FF FF 00 00 00 00 00 00 00 00 00 00 00 00 00 18:00:13:112
00 FF FF 00 00 21 00 08 03 00 00 01 00 15 00 15 02 00 00 00 00 00 00 17 6C 07 FF FF 00 00 00 00 00 00 00 00 00 00 00 00 00 18:00:13:114
00 FF FF 00 00 21 00 08 02 00 00 01 00 16 00 16 02 00 00 00 00 00 00 17 78 03 FF FF 00 00 00 00 00 00 00 00 00 00 00 00 00 18:00:13:115
00 FF FF 00 00 21 00 08 01 00 00 01 00 17 00 17 02 00 00 00 00 00 00 17 83 01 FF FF 00 00 00 00 00 00 00 00 00 00 00 00 00 18:00:13:118
00 FF FF 00 08 21 00 08 08 00 08 01 00 10 00 10 00 00 00 00 00 00 00 0C 5B 00 FF FF 00 00 00 00 00 00 00 00 00 00 00 00 00 18:00:13:150
00 FF FF 00 08 21 00 08 07 00 08 01 00 11 00 11 00 00 00 00 00 00 00 0D 70 00 FF FF 00 00 00 00 00 00 00 00 00 00 00 00 00 18:00:13:194
00 FF FF 00 08 21 00 08 06 00 08 01 00 12 00 12 00 00 00 00 00 00 00 0D 7C 00 FF FF 00 00 00 00 00 00 00 00 00 00 00 00 00 18:00:13:195
00 FF FF 00 08 21 00 08 05 00 08 01 00 13 00 13 00 00 00 00 00 00 00 0D 88 00 FF FF 00 00 00 00 00 00 00 00 00 00 00 00 00 18:00:13:197
00 FF FF 00 08 21 00 08 04 00 08 01 00 14 00 14 00 00 00 00 00 00 00 0D 93 00 FF FF 00 00 00 00 00 00 00 00 00 00 00 00 00 18:00:13:199
00 FF FF 00 08 21 00 08 03 00 08 01 00 15 00 15 00 00 00 00 00 00 00 0D 9F 00 FF FF 00 00 00 00 00 00 00 00 00 00 00 00 00 18:00:13:209
00 FF FF 00 08 21 00 08 02 00 08 01 00 16 00 16 00 00 00 00 00 00 00 0D AA 00 FF FF 00 00 00 00 00 00 00 00 00 00 00 00 00 18:00:13:238
00 FF FF 00 08 21 00 08 01 00 08 01 00 17 00 17 00 00 00 00 00 00 00 0D B6 00 FF FF 00 00 00 00 00 00 00 00 00 00 00 00 00 18:00:13:239
00 FF FF 00 07 21 00 08 04 00 07 02 00 10 00 11 00 00 00 00 02 00 00 0C 8A 00 FF FF 00 00 00 00 00 00 00 00 00 00 00 00 00 18:00:13:297
00 FF FF 00 07 21 00 08 03 00 07 02 00 12 00 13 00 00 00 00 19 00 00 0E 06 00 FF FF 00 00 00 00 00 00 00 00 00 00 00 00 00 18:00:13:298
00 FF FF 00 07 21 00 08 02 00 07 02 00 14 00 15 00 00 00 04 E2 00 00 0E 12 00 FF FF 00 00 00 00 00 00 00 00 00 00 00 00 00 18:00:13:300
00 FF FF 00 07 21 00 08 01 00 07 02 00 16 00 17 00 00 00 3D 09 00 00 0E 1D 00 FF FF 00 00 00 00 00 00 00 00 00 00 00 00 00 18:00:13:302
00 FF FF 00 03 21 00 08 04 00 03 02 00 10 00 11 00 00 00 00 01 00 00 16 93 00 FF FF 00 00 00 00 00 00 00 00 00 00 00 00 00 18:00:13:344
00 FF FF 00 03 21 00 08 03 00 03 02 00 12 00 13 00 00 00 00 32 00 00 18 77 00 FF FF 00 00 00 00 00 00 00 00 00 00 00 00 00 18:00:13:345
00 FF FF 00 02 21 00 08 03 00 02 02 00 12 00 13 00 00 00 00 4B 00 00 18 68 00 FF FF 00 00 00 00 00 00 00 00 00 00 00 00 00 18:00:13:371
00 FF FF 00 03 21 00 08 02 00 03 02 00 14 00 15 00 00 00 02 71 00 00 18 83 00 FF FF 00 00 00 00 00 00 00 00 00 00 00 00 00 18:00:13:373
00 FF FF 00 03 21 00 08 01 00 03 02 00 16 00 17 00 00 00 3D 09 00 00 18 91 00 FF FF 00 00 00 00 00 00 00 00 00 00 00 00 00 18:00:13:387
00 FF FF 00 08 21 00 08 00 00 08 01 00 18 00 18 01 00 00 00 00 00 00 0D B6 FF 00 00 00 00 00 00 00 00 00 00 00 00 00 00 00 18:00:13:403
00 FF FF 00 0A 21 00 08 08 00 0A 01 00 10 00 10 00 00 00 00 00 00 00 0C 56 00 FF FF 00 00 00 00 00 00 00 00 00 00 00 00 00 18:00:13:404
00 FF FF 00 03 21 00 08 00 00 03 01 00 18 00 18 01 00 00 00 00 00 00 18 91 FF 00 00 00 00 00 00 00 00 00 00 00 00 00 00 00 18:00:13:491
00 FF FF 00 05 21 00 08 04 00 05 02 00 10 00 11 00 00 00 00 03 00 00 0C 7A 00 FF FF 00 00 00 00 00 00 00 00 00 00 00 00 00 18:00:13:493
00 FF FF 00 0A 21 00 08 07 00 0A 01 00 11 00 11 00 00 00 00 00 00 00 0E 6B 00 FF FF 00 00 00 00 00 00 00 00 00 00 00 00 00 18:00:13:495
00 FF FF 00 05 21 00 08 03 00 05 02 00 12 00 13 00 00 00 00 32 00 00 0E 75 00 FF FF 00 00 00 00 00 00 00 00 00 00 00 00 00 18:00:13:497
00 FF FF 00 0A 21 00 08 06 00 0A 01 00 12 00 12 00 00 00 00 00 00 00 0E 7C 00 FF FF 00 00 00 00 00 00 00 00 00 00 00 00 00 18:00:13:499
00 FF FF 00 0A 21 00 08 05 00 0A 01 00 13 00 13 00 00 00 00 00 00 00 0E 8B 00 FF FF 00 00 00 00 00 00 00 00 00 00 00 00 00 18:00:13:501
00 FF FF 00 0A 21 00 08 04 00 0A 01 00 14 00 14 00 00 00 00 00 00 00 0E 96 00 FF FF 00 00 00 00 00 00 00 00 00 00 00 00 00 18:00:13:508
00 FF FF 00 0A 21 00 08 03 00 0A 01 00 15 00 15 00 00 00 00 00 00 00 0E A2 00 FF FF 00 00 00 00 00 00 00 00 00 00 00 00 00 18:00:13:509
00 FF FF 00 0A 21 00 08 02 00 0A 01 00 16 00 16 00 00 00 00 00 00 00 0E AD 00 FF FF 00 00 00 00 00 00 00 00 00 00 00 00 00 18:00:13:510
00 FF FF 00 0A 21 00 08 01 00 0A 01 00 17 00 17 00 00 00 00 00 00 00 0E B9 00 FF FF 00 00 00 00 00 00 00 00 00 00 00 00 00 18:00:13:511
00 FF FF 00 06 21 00 08 00 00 06 01 00 18 00 18 01 00 00 00 00 00 00 0C B8 FF 00 00 00 00 00 00 00 00 00 00 00 00 00 00 00 18:00:13:512
00 FF FF 00 09 21 00 08 00 00 09 01 00 18 00 18 01 00 00 00 00 00 00 0D 10 FF 00 00 00 00 00 00 00 00 00 00 00 00 00 00 00 18:00:13:513
00 FF FF 00 02 21 00 08 01 00 02 02 00 16 00 17 00 00 00 B7 1B 00 00 19 4D 00 FF FF 00 00 00 00 00 00 00 00 00 00 00 00 00 18:00:13:598
00 FF FF 00 02 21 00 08 00 00 02 01 00 18 00 18 01 00 00 00 00 00 00 19 4D FF 00 00 00 00 00 00 00 00 00 00 00 00 00 00 00 18:00:13:640
00 FF FF 00 08 21 00 08 03 00 08 01 00 12 00 12 02 00 00 00 00 00 00 0F 41 31 FF FF 00 00 00 00 00 00 00 00 00 00 00 00 00 18:00:13:641
00 FF FF 00 08 21 00 08 02 00 08 01 00 16 00 16 02 00 00 00 00 00 00 0F 50 03 FF FF 00 00 00 00 00 00 00 00 00 00 00 00 00 18:00:13:643
00 FF FF 00 08 21 00 08 01 00 08 01 00 17 00 17 02 00 00 00 00 00 00 0F 5C 01 FF FF 00 00 00 00 00 00 00 00 00 00 00 00 00 18:00:13:645
00 FF FF 00 05 21 00 08 02 00 05 02 00 14 00 15 00 00 00 09 C4 00 00 0E 84 00 FF FF 00 00 00 00 00 00 00 00 00 00 00 00 00 18:00:13:687
00 FF FF 00 05 21 00 08 01 00 05 02 00 16 00 17 00 00 00 F4 24 00 00 0F 9F 00 FF FF 00 00 00 00 00 00 00 00 00 00 00 00 00 18:00:13:703
00 FF FF 00 05 21 00 08 00 00 05 01 00 18 00 18 01 00 00 00 00 00 00 0F 9F FF 00 00 00 00 00 00 00 00 00 00 00 00 00 00 00 18:00:13:735
00 FF FF 00 00 21 00 08 03 00 00 01 00 12 00 12 02 00 00 00 00 00 00 19 7F 31 FF FF 00 00 00 00 00 00 00 00 00 00 00 00 00 18:00:13:751
00 FF FF 00 00 21 00 08 02 00 00 01 00 16 00 16 02 00 00 00 00 00 00 1A 1D 03 FF FF 00 00 00 00 00 00 00 00 00 00 00 00 00 18:00:13:768
00 FF FF 00 00 21 00 08 01 00 00 01 00 17 00 17 02 00 00 00 00 00 00 1A 28 01 FF FF 00 00 00 00 00 00 00 00 00 00 00 00 00 18:00:13:783
00 FF FF 00 08 21 00 08 00 00 08 01 00 18 00 18 01 00 00 00 00 00 00 0F 5C FF FF FF 00 00 00 00 00 00 00 00 00 00 00 00 00 18:00:13:863
00 FF FF 00 01 21 00 08 00 00 01 01 00 10 00 10 01 00 00 00 00 00 00 16 56 80 00 08 00 00 00 00 00 00 00 00 00 00 00 00 00 18:00:13:878
00 FF FF 00 09 21 00 08 01 00 09 01 00 17 00 17 02 00 00 00 00 00 00 10 7A 01 FF FF 00 00 00 00 00 00 00 00 00 00 00 00 00 18:00:13:907
00 FF FF 00 00 21 00 08 01 00 00 01 00 17 00 17 02 00 00 00 00 00 00 1A AC 01 FF FF 00 00 00 00 00 00 00 00 00 00 00 00 00 18:00:13:909
00 FF FF 00 08 21 00 08 01 00 08 01 00 17 00 17 02 00 00 00 00 00 00 10 58 01 FF FF 00 00 00 00 00 00 00 00 00 00 00 00 00 18:00:13:939
00 FF FF 00 03 21 00 08 01 00 03 01 00 17 00 17 02 00 00 00 00 00 00 1A A4 01 FF FF 00 00 00 00 00 00 00 00 00 00 00 00 00 18:00:13:986
00 FF FF 00 00 21 00 08 08 00 00 01 00 18 00 18 00 00 00 00 01 00 00 1A C2 00 FF FF 00 00 00 00 00 00 00 00 00 00 00 00 00 18:00:14:077
00 FF FF 00 00 21 00 08 07 00 00 01 00 19 00 19 00 00 00 00 05 00 00 1B 48 00 FF FF 00 00 00 00 00 00 00 00 00 00 00 00 00 18:00:14:079
00 FF FF 00 00 21 00 08 06 00 00 01 00 1A 00 1A 00 00 00 00 19 00 00 1B 54 00 FF FF 00 00 00 00 00 00 00 00 00 00 00 00 00 18:00:14:081
00 FF FF 00 00 21 00 08 05 00 00 01 00 1B 00 1B 00 00 00 00 7D 00 00 1B 5F 00 FF FF 00 00 00 00 00 00 00 00 00 00 00 00 00 18:00:14:082
00 FF FF 00 00 21 00 08 04 00 00 01 00 1C 00 1C 00 00 00 02 71 00 00 1B 6B 00 FF FF 00 00 00 00 00 00 00 00 00 00 00 00 00 18:00:14:093
00 FF FF 00 00 21 00 08 03 00 00 01 00 1D 00 1D 00 00 00 0C 35 00 00 1B 77 00 FF FF 00 00 00 00 00 00 00 00 00 00 00 00 00 18:00:14:135
00 FF FF 00 00 21 00 08 02 00 00 01 00 1E 00 1E 00 00 00 3D 09 00 00 1B 82 00 FF FF 00 00 00 00 00 00 00 00 00 00 00 00 00 18:00:14:139
00 FF FF 00 00 21 00 08 01 00 00 01 00 1F 00 1F 00 00 01 31 2D 00 00 1B 8E 00 FF FF 00 00 00 00 00 00 00 00 00 00 00 00 00 18:00:14:140
00 FF FF 00 01 21 00 08 08 00 01 01 00 10 00 10 00 00 00 00 00 00 00 1B 67 00 FF FF 00 00 00 00 00 00 00 00 00 00 00 00 00 18:00:14:211
00 FF FF 00 01 21 00 08 07 00 01 01 00 11 00 11 00 00 00 00 00 00 00 1B D7 00 FF FF 00 00 00 00 00 00 00 00 00 00 00 00 00 18:00:14:213
00 FF FF 00 01 21 00 08 06 00 01 01 00 12 00 12 00 00 00 00 00 00 00 1B E3 00 FF FF 00 00 00 00 00 00 00 00 00 00 00 00 00 18:00:14:215
00 FF FF 00 01 21 00 08 05 00 01 01 00 13 00 13 00 00 00 00 00 00 00 1B EE 00 FF FF 00 00 00 00 00 00 00 00 00 00 00 00 00 18:00:14:216
00 FF FF 00 01 21 00 08 04 00 01 01 00 14 00 14 00 00 00 00 00 00 00 1B FA 00 FF FF 00 00 00 00 00 00 00 00 00 00 00 00 00 18:00:14:227
00 FF FF 00 01 21 00 08 03 00 01 01 00 15 00 15 00 00 00 00 00 00 00 1C 05 00 FF FF 00 00 00 00 00 00 00 00 00 00 00 00 00 18:00:14:256
00 FF FF 00 01 21 00 08 02 00 01 01 00 16 00 16 00 00 00 00 00 00 00 1C 11 00 FF FF 00 00 00 00 00 00 00 00 00 00 00 00 00 18:00:14:258
00 FF FF 00 01 21 00 08 01 00 01 01 00 17 00 17 00 00 00 00 00 00 00 1C 1C 00 FF FF 00 00 00 00 00 00 00 00 00 00 00 00 00 18:00:14:309
00 FF FF 00 0A 21 00 08 08 00 0A 01 00 18 00 18 00 00 00 00 00 00 00 11 E1 00 FF FF 00 00 00 00 00 00 00 00 00 00 00 00 00 18:00:14:310
00 FF FF 00 0A 21 00 08 07 00 0A 01 00 19 00 19 00 00 00 00 00 00 00 11 F0 00 FF FF 00 00 00 00 00 00 00 00 00 00 00 00 00 18:00:14:312
00 FF FF 00 0A 21 00 08 06 00 0A 01 00 1A 00 1A 00 00 00 00 00 00 00 11 FC 00 FF FF 00 00 00 00 00 00 00 00 00 00 00 00 00 18:00:14:314
00 FF FF 00 0A 21 00 08 05 00 0A 01 00 1B 00 1B 00 00 00 00 00 00 00 12 07 00 FF FF 00 00 00 00 00 00 00 00 00 00 00 00 00 18:00:14:316
00 FF FF 00 0A 21 00 08 04 00 0A 01 00 1C 00 1C 00 00 00 00 00 00 00 12 13 00 FF FF 00 00 00 00 00 00 00 00 00 00 00 00 00 18:00:14:317
00 FF FF 00 0A 21 00 08 03 00 0A 01 00 1D 00 1D 00 00 00 00 00 00 00 12 1F 00 FF FF 00 00 00 00 00 00 00 00 00 00 00 00 00 18:00:14:421
00 FF FF 00 0A 21 00 08 02 00 0A 01 00 1E 00 1E 00 00 00 00 00 00 00 12 2B 00 FF FF 00 00 00 00 00 00 00 00 00 00 00 00 00 18:00:14:424
00 FF FF 00 0A 21 00 08 01 00 0A 01 00 1F 00 1F 00 00 00 00 00 00 00 12 36 00 FF FF 00 00 00 00 00 00 00 00 00 00 00 00 00 18:00:14:425
00 FF FF 00 03 21 00 08 04 00 03 02 00 18 00 19 00 00 00 00 01 00 00 1C 0A 00 FF FF 00 00 00 00 00 00 00 00 00 00 00 00 00 18:00:14:427
00 FF FF 00 03 21 00 08 03 00 03 02 00 1A 00 1B 00 00 00 00 19 00 00 1C 88 00 FF FF 00 00 00 00 00 00 00 00 00 00 00 00 00 18:00:14:429
00 FF FF 00 03 21 00 08 02 00 03 02 00 1C 00 1D 00 00 00 09 C4 00 00 1C 93 00 FF FF 00 00 00 00 00 00 00 00 00 00 00 00 00 18:00:14:431
00 FF FF 00 03 21 00 08 01 00 03 02 00 1E 00 1F 00 00 00 F4 24 00 00 1C 9F 00 FF FF 00 00 00 00 00 00 00 00 00 00 00 00 00 18:00:14:437
00 FF FF 00 05 21 00 08 08 00 05 01 00 18 00 18 00 00 00 00 00 00 00 11 AE 00 FF FF 00 00 00 00 00 00 00 00 00 00 00 00 00 18:00:14:438
00 FF FF 00 05 21 00 08 07 00 05 01 00 19 00 19 00 00 00 00 00 00 00 12 70 00 FF FF 00 00 00 00 00 00 00 00 00 00 00 00 00 18:00:14:438
00 FF FF 00 05 21 00 08 06 00 05 01 00 1A 00 1A 00 00 00 00 00 00 00 12 7C 00 FF FF 00 00 00 00 00 00 00 00 00 00 00 00 00 18:00:14:440
00 FF FF 00 07 21 00 08 06 00 07 01 00 1A 00 1A 00 00 00 00 00 00 00 12 93 00 FF FF 00 00 00 00 00 00 00 00 00 00 00 00 00 18:00:14:534
00 FF FF 00 05 21 00 08 05 00 05 01 00 1B 00 1B 00 00 00 00 00 00 00 12 87 00 FF FF 00 00 00 00 00 00 00 00 00 00 00 00 00 18:00:14:535
00 FF FF 00 07 21 00 08 05 00 07 01 00 1B 00 1B 00 00 00 00 00 00 00 12 A4 00 FF FF 00 00 00 00 00 00 00 00 00 00 00 00 00 18:00:14:536
00 FF FF 00 07 21 00 08 04 00 07 01 00 1C 00 1C 00 00 00 00 00 00 00 12 B3 00 FF FF 00 00 00 00 00 00 00 00 00 00 00 00 00 18:00:14:537
00 FF FF 00 07 21 00 08 03 00 07 01 00 1D 00 1D 00 00 00 00 00 00 00 12 BF 00 FF FF 00 00 00 00 00 00 00 00 00 00 00 00 00 18:00:14:538
00 FF FF 00 07 21 00 08 02 00 07 01 00 1E 00 1E 00 00 00 00 00 00 00 12 CA 00 FF FF 00 00 00 00 00 00 00 00 00 00 00 00 00 18:00:14:539
00 FF FF 00 07 21 00 08 01 00 07 01 00 1F 00 1F 00 00 00 00 00 00 00 12 D6 00 FF FF 00 00 00 00 00 00 00 00 00 00 00 00 00 18:00:14:540
00 FF FF 00 09 21 00 08 06 00 09 01 00 1A 00 1A 00 00 00 00 00 00 00 12 F9 00 FF FF 00 00 00 00 00 00 00 00 00 00 00 00 00 18:00:14:541
00 FF FF 00 09 21 00 08 05 00 09 01 00 1B 00 1B 00 00 00 00 00 00 00 13 04 00 FF FF 00 00 00 00 00 00 00 00 00 00 00 00 00 18:00:14:594
00 FF FF 00 06 21 00 08 01 00 06 02 00 1E 00 1F 00 00 00 3D 09 00 00 13 04 00 FF FF 00 00 00 00 00 00 00 00 00 00 00 00 00 18:00:14:596
00 FF FF 00 09 21 00 08 04 00 09 01 00 1C 00 1C 00 00 00 00 00 00 00 13 10 00 FF FF 00 00 00 00 00 00 00 00 00 00 00 00 00 18:00:14:597
00 FF FF 00 09 21 00 08 03 00 09 01 00 1D 00 1D 00 00 00 00 00 00 00 13 1E 00 FF FF 00 00 00 00 00 00 00 00 00 00 00 00 00 18:00:14:599
00 FF FF 00 09 21 00 08 02 00 09 01 00 1E 00 1E 00 00 00 00 00 00 00 13 2A 00 FF FF 00 00 00 00 00 00 00 00 00 00 00 00 00 18:00:14:601
00 FF FF 00 09 21 00 08 01 00 09 01 00 1F 00 1F 00 00 00 00 00 00 00 13 35 00 FF FF 00 00 00 00 00 00 00 00 00 00 00 00 00 18:00:14:602
00 FF FF 00 02 21 00 08 04 00 02 02 00 18 00 19 00 00 00 00 02 00 00 1C 1C 00 FF FF 00 00 00 00 00 00 00 00 00 00 00 00 00 18:00:14:632
00 FF FF 00 02 21 00 08 03 00 02 02 00 1A 00 1B 00 00 00 00 64 00 00 1D 8F 00 FF FF 00 00 00 00 00 00 00 00 00 00 00 00 00 18:00:14:634
00 FF FF 00 02 21 00 08 02 00 02 02 00 1C 00 1D 00 00 00 02 71 00 00 1D 9A 00 FF FF 00 00 00 00 00 00 00 00 00 00 00 00 00 18:00:14:677
00 FF FF 00 02 21 00 08 01 00 02 02 00 1E 00 1F 00 00 00 7A 12 00 00 1D A6 00 FF FF 00 00 00 00 00 00 00 00 00 00 00 00 00 18:00:14:679
00 FF FF 00 08 21 00 08 04 00 08 01 00 1C 00 1C 00 00 00 00 00 00 00 13 78 00 FF FF 00 00 00 00 00 00 00 00 00 00 00 00 00 18:00:14:681
00 FF FF 00 08 21 00 08 03 00 08 01 00 1D 00 1D 00 00 00 00 00 00 00 13 83 00 FF FF 00 00 00 00 00 00 00 00 00 00 00 00 00 18:00:14:682
00 FF FF 00 08 21 00 08 02 00 08 01 00 1E 00 1E 00 00 00 00 00 00 00 13 8F 00 FF FF 00 00 00 00 00 00 00 00 00 00 00 00 00 18:00:14:693
00 FF FF 00 08 21 00 08 01 00 08 01 00 1F 00 1F 00 00 00 00 00 00 00 13 9A 00 FF FF 00 00 00 00 00 00 00 00 00 00 00 00 00 18:00:14:708
00 FF FF 00 02 21 00 08 00 00 02 06 00 00 00 00 08 00 00 00 00 00 00 1E 04 00 FF FF 00 00 00 00 00 00 00 00 00 00 00 00 00 18:00:14:771
00 FF FF 00 05 21 00 08 04 00 05 01 00 1C 00 1C 00 00 00 00 00 00 00 12 96 00 FF FF 00 00 00 00 00 00 00 00 00 00 00 00 00 18:00:14:773
00 FF FF 00 05 21 00 08 03 00 05 01 00 1D 00 1D 00 00 00 00 00 00 00 13 EA 00 FF FF 00 00 00 00 00 00 00 00 00 00 00 00 00 18:00:14:787
00 FF FF 00 03 21 00 08 00 00 03 06 00 00 00 00 08 00 00 00 00 00 00 1E 1F 00 FF FF 00 00 00 00 00 00 00 00 00 00 00 00 00 18:00:14:803
00 FF FF 00 0A 21 00 08 00 00 0A 06 00 00 00 00 08 00 00 00 00 00 00 13 F0 00 FF FF 00 00 00 00 00 00 00 00 00 00 00 00 00 18:00:14:804
00 FF FF 00 05 21 00 08 02 00 05 01 00 1E 00 1E 00 00 00 00 00 00 00 13 F5 00 FF FF 00 00 00 00 00 00 00 00 00 00 00 00 00 18:00:14:889
00 FF FF 00 01 21 00 08 00 00 01 01 00 18 00 18 01 00 00 00 00 00 00 1C 1C FC FF FF 00 00 00 00 00 00 00 00 00 00 00 00 00 18:00:14:890
00 FF FF 00 05 21 00 08 01 00 05 01 00 1F 00 1F 00 00 00 00 00 00 00 14 06 00 FF FF 00 00 00 00 00 00 00 00 00 00 00 00 00 18:00:14:892
00 FF FF 00 04 21 00 08 00 00 04 06 00 00 00 00 08 00 00 00 00 00 00 13 E2 00 FF FF 00 00 00 00 00 00 00 00 00 00 00 00 00 18:00:14:895
00 FF FF 00 07 21 00 08 00 00 07 06 00 00 00 00 08 00 00 00 00 00 00 14 07 00 FF FF 00 00 00 00 00 00 00 00 00 00 00 00 00 18:00:14:897
00 FF FF 00 09 21 00 08 00 00 09 06 00 00 00 00 08 00 00 00 00 00 00 14 0F 00 FF FF 00 00 00 00 00 00 00 00 00 00 00 00 00 18:00:14:898
00 FF FF 00 02 21 00 08 06 00 02 01 00 1A 00 1A 02 00 00 00 00 00 00 1E 2E 3F FF FF 00 00 00 00 00 00 00 00 00 00 00 00 00 18:00:14:900
00 FF FF 00 02 21 00 08 05 00 02 01 00 1B 00 1B 02 00 00 00 00 00 00 1E 74 1F FF FF 00 00 00 00 00 00 00 00 00 00 00 00 00 18:00:14:902
00 FF FF 00 02 21 00 08 04 00 02 01 00 1C 00 1C 02 00 00 00 00 00 00 1E 7F 0F FF FF 00 00 00 00 00 00 00 00 00 00 00 00 00 18:00:14:904
00 FF FF 00 02 21 00 08 03 00 02 01 00 1D 00 1D 02 00 00 00 00 00 00 1E 8B 07 FF FF 00 00 00 00 00 00 00 00 00 00 00 00 00 18:00:14:906
00 FF FF 00 02 21 00 08 02 00 02 01 00 1E 00 1E 02 00 00 00 00 00 00 1E 96 03 FF FF 00 00 00 00 00 00 00 00 00 00 00 00 00 18:00:14:908
00 FF FF 00 02 21 00 08 01 00 02 01 00 1F 00 1F 02 00 00 00 00 00 00 1E A2 01 FF FF 00 00 00 00 00 00 00 00 00 00 00 00 00 18:00:14:909
00 FF FF 00 03 21 00 08 06 00 03 01 00 1A 00 1A 02 00 00 00 00 00 00 1E 5B 3F FF FF 00 00 00 00 00 00 00 00 00 00 00 00 00 18:00:14:980
00 FF FF 00 03 21 00 08 05 00 03 01 00 1B 00 1B 02 00 00 00 00 00 00 1E EC 1F FF FF 00 00 00 00 00 00 00 00 00 00 00 00 00 18:00:14:982
00 FF FF 00 03 21 00 08 04 00 03 01 00 1C 00 1C 02 00 00 00 00 00 00 1E F7 0F FF FF 00 00 00 00 00 00 00 00 00 00 00 00 00 18:00:14:985
00 FF FF 00 03 21 00 08 03 00 03 01 00 1D 00 1D 02 00 00 00 00 00 00 1F 03 07 FF FF 00 00 00 00 00 00 00 00 00 00 00 00 00 18:00:14:986
00 FF FF 00 03 21 00 08 02 00 03 01 00 1E 00 1E 02 00 00 00 00 00 00 1F 0E 03 FF FF 00 00 00 00 00 00 00 00 00 00 00 00 00 18:00:14:996
00 FF FF 00 03 21 00 08 01 00 03 01 00 1F 00 1F 02 00 00 00 00 00 00 1F 1A 01 FF FF 00 00 00 00 00 00 00 00 00 00 00 00 00 18:00:15:011
00 FF FF 00 01 21 00 08 08 00 01 01 00 18 00 18 00 00 00 00 00 00 00 1F 12 00 FF FF 00 00 00 00 00 00 00 00 00 00 00 00 00 18:00:15:060
00 FF FF 00 01 21 00 08 07 00 01 01 00 19 00 19 00 00 00 00 00 00 00 1F 52 00 FF FF 00 00 00 00 00 00 00 00 00 00 00 00 00 18:00:15:061
00 FF FF 00 01 21 00 08 06 00 01 01 00 1A 00 1A 00 00 00 00 00 00 00 1F 5E 00 FF FF 00 00 00 00 00 00 00 00 00 00 00 00 00 18:00:15:104
00 FF FF 00 01 21 00 08 05 00 01 01 00 1B 00 1B 00 00 00 00 00 00 00 1F 69 00 FF FF 00 00 00 00 00 00 00 00 00 00 00 00 00 18:00:15:107
00 FF FF 00 01 21 00 08 04 00 01 01 00 1C 00 1C 00 00 00 00 00 00 00 1F 75 00 FF FF 00 00 00 00 00 00 00 00 00 00 00 00 00 18:00:15:109
00 FF FF 00 01 21 00 08 03 00 01 01 00 1D 00 1D 00 00 00 00 00 00 00 1F 81 00 FF FF 00 00 00 00 00 00 00 00 00 00 00 00 00 18:00:15:110
00 FF FF 00 01 21 00 08 02 00 01 01 00 1E 00 1E 00 00 00 00 00 00 00 1F 8C 00 FF FF 00 00 00 00 00 00 00 00 00 00 00 00 00 18:00:15:120
00 FF FF 00 01 21 00 08 01 00 01 01 00 1F 00 1F 00 00 00 00 00 00 00 1F 98 00 FF FF 00 00 00 00 00 00 00 00 00 00 00 00 00 18:00:15:135
00 FF FF 00 00 21 00 08 06 00 00 01 00 1A 00 1A 02 00 00 00 00 00 00 1E 5C 3F FF FF 00 00 00 00 00 00 00 00 00 00 00 00 00 18:00:15:197
00 FF FF 00 00 21 00 08 05 00 00 01 00 1B 00 1B 02 00 00 00 00 00 00 1F CC 1F FF FF 00 00 00 00 00 00 00 00 00 00 00 00 00 18:00:15:198
00 FF FF 00 00 21 00 08 04 00 00 01 00 1C 00 1C 02 00 00 00 00 00 00 1F D8 0F FF FF 00 00 00 00 00 00 00 00 00 00 00 00 00 18:00:15:200
00 FF FF 00 00 21 00 08 03 00 00 01 00 1D 00 1D 02 00 00 00 00 00 00 1F E3 07 FF FF 00 00 00 00 00 00 00 00 00 00 00 00 00 18:00:15:240
00 FF FF 00 00 21 00 08 02 00 00 01 00 1E 00 1E 02 00 00 00 00 00 00 1F EF 03 FF FF 00 00 00 00 00 00 00 00 00 00 00 00 00 18:00:15:242
00 FF FF 00 00 21 00 08 01 00 00 01 00 1F 00 1F 02 00 00 00 00 00 00 1F FA 01 FF FF 00 00 00 00 00 00 00 00 00 00 00 00 00 18:00:15:243
00 FF FF 00 01 21 00 08 00 00 01 06 00 00 00 00 08 00 00 00 00 00 00 21 43 00 FF FF 00 00 00 00 00 00 00 00 00 00 00 00 00 18:00:15:559
