00 00 FF FF 15 00 3F 08 06 00 15 01 00 09 00 09 02 00 00 00 00 00 03 C7 65 3F FF FF 00 00 00 00 00 00 00 00 00 00 00 00 00 18:12:48:457
00 00 FF FF 15 00 3F 08 05 00 15 01 00 0A 00 0A 02 00 00 00 00 00 03 C7 71 1F FF FF 00 00 00 00 00 00 00 00 00 00 00 00 00 18:12:48:459
00 00 FF FF 15 00 3F 08 04 00 15 01 00 0B 00 0B 02 00 00 00 00 00 03 C7 7C 0F FF FF 00 00 00 00 00 00 00 00 00 00 00 00 00 18:12:48:461
00 00 FF FF 15 00 3F 08 03 00 15 01 00 0C 00 0C 02 00 00 00 00 00 03 C7 88 07 FF FF 00 00 00 00 00 00 00 00 00 00 00 00 00 18:12:48:462
00 00 FF FF 15 00 3F 08 02 00 15 01 00 0D 00 0D 02 00 00 00 00 00 03 C7 94 03 FF FF 00 00 00 00 00 00 00 00 00 00 00 00 00 18:12:48:469
00 00 FF FF 15 00 3F 08 01 00 15 01 00 0E 00 0E 02 00 00 00 00 00 03 C7 9F 01 FF FF 00 00 00 00 00 00 00 00 00 00 00 00 00 18:12:48:497
00 FF FF FF 15 21 3F 08 01 00 15 01 00 0E 00 0E 02 00 00 00 00 00 03 C7 9F 01 FF FF 00 00 00 00 00 00 00 00 00 00 00 00 00 18:12:48:498
00 00 FF FF 15 00 3F 08 06 00 15 01 00 09 00 09 02 00 00 00 00 00 03 C8 45 3F FF FF 00 00 00 00 00 00 00 00 00 00 00 00 00 18:12:48:641
00 00 FF FF 15 00 3F 08 05 00 15 01 00 0A 00 0A 02 00 00 00 00 00 03 C8 51 1F FF FF 00 00 00 00 00 00 00 00 00 00 00 00 00 18:12:48:683
00 00 FF FF 15 00 3F 08 04 00 15 01 00 0B 00 0B 02 00 00 00 00 00 03 C8 5C 0F FF FF 00 00 00 00 00 00 00 00 00 00 00 00 00 18:12:48:685
00 00 FF FF 15 00 3F 08 03 00 15 01 00 0C 00 0C 02 00 00 00 00 00 03 C8 68 07 FF FF 00 00 00 00 00 00 00 00 00 00 00 00 00 18:12:48:687
00 00 FF FF 15 00 3F 08 02 00 15 01 00 0D 00 0D 02 00 00 00 00 00 03 C8 73 03 FF FF 00 00 00 00 00 00 00 00 00 00 00 00 00 18:12:48:689
00 00 FF FF 15 00 3F 08 01 00 15 01 00 0E 00 0E 02 00 00 00 00 00 03 C8 7F 01 FF FF 00 00 00 00 00 00 00 00 00 00 00 00 00 18:12:48:699
00 FF FF FF 15 21 3F 08 01 00 15 01 00 0E 00 0E 02 00 00 00 00 00 03 C8 7F 01 FF FF 00 00 00 00 00 00 00 00 00 00 00 00 00 18:12:48:714
00 FF FF FF 15 21 3F 08 01 00 15 01 00 17 00 17 02 00 00 00 00 00 03 CE 33 01 FF FF 00 00 00 00 00 00 00 00 00 00 00 00 00 18:12:50:153
00 FF FF FF 15 21 3F 08 01 00 15 01 00 17 00 17 02 00 00 00 00 00 03 CF 70 01 FF FF 00 00 00 00 00 00 00 00 00 00 00 00 00 18:12:50:569
00 00 FF FF 15 00 3F 08 03 00 15 01 00 1A 00 1A 02 00 00 00 00 00 03 D1 66 29 FF FF 00 00 00 00 00 00 00 00 00 00 00 00 00 18:12:50:921
00 00 FF FF 15 00 3F 08 02 00 15 01 00 1D 00 1D 02 00 00 00 00 00 03 D1 72 05 FF FF 00 00 00 00 00 00 00 00 00 00 00 00 00 18:12:50:965
00 00 FF FF 15 00 3F 08 01 00 15 01 00 1F 00 1F 02 00 00 00 00 00 03 D1 7D 01 FF FF 00 00 00 00 00 00 00 00 00 00 00 00 00 18:12:50:967
00 FF FF FF 15 21 3F 08 01 00 15 01 00 1F 00 1F 02 00 00 00 00 00 03 D1 7D 01 FF FF 00 00 00 00 00 00 00 00 00 00 00 00 00 18:12:50:968
00 00 FF FF 15 00 3F 08 02 00 15 01 00 1C 00 1C 02 00 00 00 00 00 03 D3 78 05 FF FF 00 00 00 00 00 00 00 00 00 00 00 00 00 18:12:51:472
00 00 FF FF 15 00 3F 08 01 00 15 01 00 1E 00 1E 02 00 00 00 00 00 03 D3 84 01 FF FF 00 00 00 00 00 00 00 00 00 00 00 00 00 18:12:51:474
00 FF FF FF 15 21 3F 08 01 00 15 01 00 1E 00 1E 02 00 00 00 00 00 03 D3 84 01 FF FF 00 00 00 00 00 00 00 00 00 00 00 00 00 18:12:51:475
