00 FF FF 00 00 21 00 08 08 00 00 01 00 00 00 00 00 00 00 00 01 00 00 0B BB 00 00 00 00 00 00 00 00 00 00 00 00 00 00 00 00 18:16:33:639
00 FF FF 00 00 21 00 08 07 00 00 01 00 01 00 01 00 00 00 00 05 00 00 0B C2 00 00 00 00 00 00 00 00 00 00 00 00 00 00 00 00 18:16:33:678
00 FF FF 00 00 21 00 08 06 00 00 01 00 02 00 02 00 00 00 00 19 00 00 0B CE 00 00 00 00 00 00 00 00 00 00 00 00 00 00 00 00 18:16:33:680
00 FF FF 00 00 21 00 08 05 00 00 01 00 03 00 03 00 00 00 00 7D 00 00 0B D9 00 00 00 00 00 00 00 00 00 00 00 00 00 00 00 00 18:16:33:682
00 FF FF 00 00 21 00 08 04 00 00 01 00 04 00 04 00 00 00 02 71 00 00 0B E5 00 00 00 00 00 00 00 00 00 00 00 00 00 00 00 00 18:16:33:684
00 FF FF 00 00 21 00 08 03 00 00 01 00 05 00 05 00 00 00 0C 35 00 00 0B F1 00 00 00 00 00 00 00 00 00 00 00 00 00 00 00 00 18:16:33:694
00 FF FF 00 00 21 00 08 02 00 00 01 00 06 00 06 00 00 00 3D 09 00 00 0B FC 00 00 00 00 00 00 00 00 00 00 00 00 00 00 00 00 18:16:33:723
00 FF FF 00 00 21 00 08 01 00 00 01 00 07 00 07 00 00 01 31 2D 00 00 0C 08 00 00 00 00 00 00 00 00 00 00 00 00 00 00 00 00 18:16:33:724
00 FF FF 00 04 21 00 08 04 00 04 02 00 00 00 01 00 00 00 00 02 00 00 3B 99 00 FF FF 00 00 00 00 00 00 00 00 00 00 00 00 00 18:16:33:861
00 FF FF 00 04 21 00 08 03 00 04 02 00 02 00 03 00 00 00 00 00 00 00 3B B4 00 FF FF 00 00 00 00 00 00 00 00 00 00 00 00 00 18:16:33:863
00 FF FF 00 04 21 00 08 02 00 04 02 00 04 00 05 00 00 00 02 71 00 00 3B C0 00 FF FF 00 00 00 00 00 00 00 00 00 00 00 00 00 18:16:33:865
00 FF FF 00 04 21 00 08 01 00 04 02 00 06 00 07 00 00 00 3D 09 00 00 3B CC 00 FF FF 00 00 00 00 00 00 00 00 00 00 00 00 00 18:16:33:866
00 FF FF 00 02 21 00 08 04 00 02 02 00 00 00 01 00 00 00 00 01 00 00 0C 95 00 FF FF 00 00 00 00 00 00 00 00 00 00 00 00 00 18:16:33:901
00 FF FF 00 02 21 00 08 03 00 02 02 00 02 00 03 00 00 00 00 32 00 00 0C B5 00 FF FF 00 00 00 00 00 00 00 00 00 00 00 00 00 18:16:33:903
00 FF FF 00 02 21 00 08 02 00 02 02 00 04 00 05 00 00 00 04 E2 00 00 0C C1 00 FF FF 00 00 00 00 00 00 00 00 00 00 00 00 00 18:16:33:905
00 FF FF 00 02 21 00 08 01 00 02 02 00 06 00 07 00 00 00 00 00 00 00 0C CC 00 FF FF 00 00 00 00 00 00 00 00 00 00 00 00 00 18:16:33:906
00 FF FF 00 05 21 00 08 04 00 05 02 00 00 00 01 00 00 00 00 01 00 00 3B B1 00 FF FF 00 00 00 00 00 00 00 00 00 00 00 00 00 18:16:33:916
00 FF FF 00 05 21 00 08 03 00 05 02 00 02 00 03 00 00 00 00 00 00 00 3C 20 00 FF FF 00 00 00 00 00 00 00 00 00 00 00 00 00 18:16:33:933
00 FF FF 00 05 21 00 08 02 00 05 02 00 04 00 05 00 00 00 04 E2 00 00 3C 2C 00 FF FF 00 00 00 00 00 00 00 00 00 00 00 00 00 18:16:33:961
00 FF FF 00 05 21 00 08 01 00 05 02 00 06 00 07 00 00 00 3D 09 00 00 3C 38 00 FF FF 00 00 00 00 00 00 00 00 00 00 00 00 00 18:16:33:962
00 FF FF 00 06 21 00 08 04 00 06 02 00 00 00 01 00 00 00 00 00 00 00 3B D4 00 FF FF 00 00 00 00 00 00 00 00 00 00 00 00 00 18:16:33:976
00 FF FF 00 06 21 00 08 03 00 06 02 00 02 00 03 00 00 00 00 00 00 00 3C 59 00 FF FF 00 00 00 00 00 00 00 00 00 00 00 00 00 18:16:33:993
00 FF FF 00 06 21 00 08 02 00 06 02 00 04 00 05 00 00 00 09 C4 00 00 3C 65 00 FF FF 00 00 00 00 00 00 00 00 00 00 00 00 00 18:16:34:022
00 FF FF 00 06 21 00 08 01 00 06 02 00 06 00 07 00 00 00 B7 1B 00 00 3C 71 00 FF FF 00 00 00 00 00 00 00 00 00 00 00 00 00 18:16:34:023
00 FF FF 00 07 21 00 08 04 00 07 02 00 00 00 01 00 00 00 00 02 00 00 3B D7 00 FF FF 00 00 00 00 00 00 00 00 00 00 00 00 00 18:16:34:037
00 FF FF 00 07 21 00 08 03 00 07 02 00 02 00 03 00 00 00 00 00 00 00 3C 9D 00 FF FF 00 00 00 00 00 00 00 00 00 00 00 00 00 18:16:34:054
00 FF FF 00 07 21 00 08 02 00 07 02 00 04 00 05 00 00 00 02 71 00 00 3C A9 00 FF FF 00 00 00 00 00 00 00 00 00 00 00 00 00 18:16:34:082
00 FF FF 00 07 21 00 08 01 00 07 02 00 06 00 07 00 00 00 B7 1B 00 00 3C B4 00 FF FF 00 00 00 00 00 00 00 00 00 00 00 00 00 18:16:34:083
00 FF FF 00 08 21 00 08 04 00 08 02 00 00 00 01 00 00 00 00 04 00 00 3B B1 00 FF FF 00 00 00 00 00 00 00 00 00 00 00 00 00 18:16:34:097
00 FF FF 00 08 21 00 08 03 00 08 02 00 02 00 03 00 00 00 00 00 00 00 3C C1 00 FF FF 00 00 00 00 00 00 00 00 00 00 00 00 00 18:16:34:142
00 FF FF 00 08 21 00 08 02 00 08 02 00 04 00 05 00 00 00 02 71 00 00 3C CC 00 FF FF 00 00 00 00 00 00 00 00 00 00 00 00 00 18:16:34:144
00 FF FF 00 08 21 00 08 01 00 08 02 00 06 00 07 00 00 00 F4 24 00 00 3C D8 00 FF FF 00 00 00 00 00 00 00 00 00 00 00 00 00 18:16:34:145
00 FF FF 00 0A 21 00 08 04 00 0A 02 00 00 00 01 00 00 00 00 03 00 00 3B 93 00 FF FF 00 00 00 00 00 00 00 00 00 00 00 00 00 18:16:34:157
00 FF FF 00 09 21 00 08 01 00 09 02 00 06 00 07 00 00 00 B7 1B 00 00 3D 1C 00 FF FF 00 00 00 00 00 00 00 00 00 00 00 00 00 18:16:34:205
00 FF FF 00 0A 21 00 08 01 00 0A 02 00 06 00 07 00 00 00 00 00 00 00 3D 10 00 FF FF 00 00 00 00 00 00 00 00 00 00 00 00 00 18:16:34:207
00 FF FF 00 03 21 00 08 04 00 03 02 00 00 00 01 00 00 00 00 03 00 00 0C 90 00 FF FF 00 00 00 00 00 00 00 00 00 00 00 00 00 18:16:34:221
00 FF FF 00 03 21 00 08 03 00 03 02 00 02 00 03 00 00 00 00 32 00 00 0E 2A 00 FF FF 00 00 00 00 00 00 00 00 00 00 00 00 00 18:16:34:237
00 FF FF 00 03 21 00 08 02 00 03 02 00 04 00 05 00 00 00 02 71 00 00 0E 36 00 FF FF 00 00 00 00 00 00 00 00 00 00 00 00 00 18:16:34:266
00 FF FF 00 03 21 00 08 01 00 03 02 00 06 00 07 00 00 00 7A 12 00 00 0E 42 00 FF FF 00 00 00 00 00 00 00 00 00 00 00 00 00 18:16:34:267
00 FF FF 00 00 21 00 08 08 00 00 01 00 08 00 08 00 00 00 00 01 00 00 0E 6F 00 00 00 00 00 00 00 00 00 00 00 00 00 00 00 00 18:16:34:393
00 FF FF 00 00 21 00 08 07 00 00 01 00 09 00 09 00 00 00 00 05 00 00 0E D0 00 00 00 00 00 00 00 00 00 00 00 00 00 00 00 00 18:16:34:409
00 FF FF 00 00 21 00 08 06 00 00 01 00 0A 00 0A 00 00 00 00 19 00 00 0E DC 00 00 00 00 00 00 00 00 00 00 00 00 00 00 00 00 18:16:34:454
00 FF FF 00 00 21 00 08 05 00 00 01 00 0B 00 0B 00 00 00 00 7D 00 00 0E E7 00 00 00 00 00 00 00 00 00 00 00 00 00 00 00 00 18:16:34:456
00 FF FF 00 00 21 00 08 04 00 00 01 00 0C 00 0C 00 00 00 02 71 00 00 0E F3 00 00 00 00 00 00 00 00 00 00 00 00 00 00 00 00 18:16:34:458
00 FF FF 00 00 21 00 08 03 00 00 01 00 0D 00 0D 00 00 00 0C 35 00 00 0E FF 00 00 00 00 00 00 00 00 00 00 00 00 00 00 00 00 18:16:34:459
00 FF FF 00 00 21 00 08 02 00 00 01 00 0E 00 0E 00 00 00 3D 09 00 00 0F 0B 00 00 00 00 00 00 00 00 00 00 00 00 00 00 00 00 18:16:34:470
00 FF FF 00 00 21 00 08 01 00 00 01 00 0F 00 0F 00 00 01 31 2D 00 00 0F 16 00 00 00 00 00 00 00 00 00 00 00 00 00 00 00 00 18:16:34:485
00 FF FF 00 05 21 00 08 04 00 05 02 00 08 00 09 00 00 00 00 03 00 00 3E B8 00 FF FF 00 00 00 00 00 00 00 00 00 00 00 00 00 18:16:34:626
00 FF FF 00 05 21 00 08 03 00 05 02 00 0A 00 0B 00 00 00 00 19 00 00 3E D3 00 FF FF 00 00 00 00 00 00 00 00 00 00 00 00 00 18:16:34:628
00 FF FF 00 05 21 00 08 02 00 05 02 00 0C 00 0D 00 00 00 09 C4 00 00 3E DF 00 FF FF 00 00 00 00 00 00 00 00 00 00 00 00 00 18:16:34:630
00 FF FF 00 05 21 00 08 01 00 05 02 00 0E 00 0F 00 00 00 00 00 00 00 3E EA 00 FF FF 00 00 00 00 00 00 00 00 00 00 00 00 00 18:16:34:665
00 FF FF 00 02 21 00 08 04 00 02 02 00 08 00 09 00 00 00 00 01 00 00 0F AF 00 FF FF 00 00 00 00 00 00 00 00 00 00 00 00 00 18:16:34:667
00 FF FF 00 02 21 00 08 03 00 02 02 00 0A 00 0B 00 00 00 00 32 00 00 0F C5 00 FF FF 00 00 00 00 00 00 00 00 00 00 00 00 00 18:16:34:669
00 FF FF 00 02 21 00 08 02 00 02 02 00 0C 00 0D 00 00 00 00 00 00 00 0F D0 00 FF FF 00 00 00 00 00 00 00 00 00 00 00 00 00 18:16:34:671
00 FF FF 00 02 21 00 08 01 00 02 02 00 0E 00 0F 00 00 00 F4 24 00 00 0F DC 00 FF FF 00 00 00 00 00 00 00 00 00 00 00 00 00 18:16:34:718
00 FF FF 00 04 21 00 08 04 00 04 02 00 08 00 09 00 00 00 00 00 00 00 3E D3 00 FF FF 00 00 00 00 00 00 00 00 00 00 00 00 00 18:16:34:720
00 FF FF 00 04 21 00 08 03 00 04 02 00 0A 00 0B 00 00 00 00 32 00 00 3F 17 00 FF FF 00 00 00 00 00 00 00 00 00 00 00 00 00 18:16:34:722
00 FF FF 00 04 21 00 08 02 00 04 02 00 0C 00 0D 00 00 00 02 71 00 00 3F 22 00 FF FF 00 00 00 00 00 00 00 00 00 00 00 00 00 18:16:34:724
00 FF FF 00 04 21 00 08 01 00 04 02 00 0E 00 0F 00 00 00 00 00 00 00 3F 2E 00 FF FF 00 00 00 00 00 00 00 00 00 00 00 00 00 18:16:34:725
00 FF FF 00 07 21 00 08 04 00 07 02 00 08 00 09 00 00 00 00 04 00 00 3E D4 00 FF FF 00 00 00 00 00 00 00 00 00 00 00 00 00 18:16:34:734
00 FF FF 00 07 21 00 08 03 00 07 02 00 0A 00 0B 00 00 00 00 00 00 00 3F 65 00 FF FF 00 00 00 00 00 00 00 00 00 00 00 00 00 18:16:34:780
00 FF FF 00 07 21 00 08 02 00 07 02 00 0C 00 0D 00 00 00 04 E2 00 00 3F 71 00 FF FF 00 00 00 00 00 00 00 00 00 00 00 00 00 18:16:34:782
00 FF FF 00 06 21 00 08 01 00 06 02 00 0E 00 0F 00 00 00 3D 09 00 00 3F 76 00 FF FF 00 00 00 00 00 00 00 00 00 00 00 00 00 18:16:34:784
00 FF FF 00 07 21 00 08 01 00 07 02 00 0E 00 0F 00 00 00 3D 09 00 00 3F 7D 00 FF FF 00 00 00 00 00 00 00 00 00 00 00 00 00 18:16:34:785
00 FF FF 00 08 21 00 08 04 00 08 02 00 08 00 09 00 00 00 00 04 00 00 3E 99 00 FF FF 00 00 00 00 00 00 00 00 00 00 00 00 00 18:16:34:822
00 FF FF 00 08 21 00 08 03 00 08 02 00 0A 00 0B 00 00 00 00 64 00 00 3F 84 00 FF FF 00 00 00 00 00 00 00 00 00 00 00 00 00 18:16:34:824
00 FF FF 00 08 21 00 08 02 00 08 02 00 0C 00 0D 00 00 00 02 71 00 00 3F 90 00 FF FF 00 00 00 00 00 00 00 00 00 00 00 00 00 18:16:34:826
00 FF FF 00 08 21 00 08 01 00 08 02 00 0E 00 0F 00 00 00 7A 12 00 00 3F 9B 00 FF FF 00 00 00 00 00 00 00 00 00 00 00 00 00 18:16:34:827
00 FF FF 00 09 21 00 08 04 00 09 02 00 08 00 09 00 00 00 00 04 00 00 3E B8 00 FF FF 00 00 00 00 00 00 00 00 00 00 00 00 00 18:16:34:837
00 FF FF 00 09 21 00 08 03 00 09 02 00 0A 00 0B 00 00 00 00 4B 00 00 3F BE 00 FF FF 00 00 00 00 00 00 00 00 00 00 00 00 00 18:16:34:853
00 FF FF 00 09 21 00 08 02 00 09 02 00 0C 00 0D 00 00 00 02 71 00 00 3F C9 00 FF FF 00 00 00 00 00 00 00 00 00 00 00 00 00 18:16:34:882
00 FF FF 00 09 21 00 08 01 00 09 02 00 0E 00 0F 00 00 00 7A 12 00 00 3F D5 00 FF FF 00 00 00 00 00 00 00 00 00 00 00 00 00 18:16:34:883
00 FF FF 00 0A 21 00 08 04 00 0A 02 00 08 00 09 00 00 00 00 03 00 00 3E B9 00 FF FF 00 00 00 00 00 00 00 00 00 00 00 00 00 18:16:34:924
00 FF FF 00 0A 21 00 08 03 00 0A 02 00 0A 00 0B 00 00 00 00 19 00 00 3F E5 00 FF FF 00 00 00 00 00 00 00 00 00 00 00 00 00 18:16:34:926
00 FF FF 00 0A 21 00 08 02 00 0A 02 00 0C 00 0D 00 00 00 00 00 00 00 3F F1 00 FF FF 00 00 00 00 00 00 00 00 00 00 00 00 00 18:16:34:928
00 FF FF 00 0A 21 00 08 01 00 0A 02 00 0E 00 0F 00 00 00 00 00 00 00 3F FD 00 FF FF 00 00 00 00 00 00 00 00 00 00 00 00 00 18:16:34:929
00 FF FF 00 03 21 00 08 04 00 03 02 00 08 00 09 00 00 00 00 01 00 00 0F 82 00 FF FF 00 00 00 00 00 00 00 00 00 00 00 00 00 18:16:34:939
00 FF FF 00 03 21 00 08 03 00 03 02 00 0A 00 0B 00 00 00 00 4B 00 00 11 08 00 FF FF 00 00 00 00 00 00 00 00 00 00 00 00 00 18:16:34:983
00 FF FF 00 03 21 00 08 02 00 03 02 00 0C 00 0D 00 00 00 09 C4 00 00 11 13 00 FF FF 00 00 00 00 00 00 00 00 00 00 00 00 00 18:16:34:985
00 FF FF 00 03 21 00 08 01 00 03 02 00 0E 00 0F 00 00 00 B7 1B 00 00 11 1F 00 FF FF 00 00 00 00 00 00 00 00 00 00 00 00 00 18:16:34:986
00 FF FF 00 00 21 00 08 08 00 00 01 00 10 00 10 00 00 00 00 01 00 00 11 7D 00 00 00 00 00 00 00 00 00 00 00 00 00 00 00 00 18:16:35:185
00 FF FF 00 00 21 00 08 07 00 00 01 00 11 00 11 00 00 00 00 05 00 00 11 D4 00 00 00 00 00 00 00 00 00 00 00 00 00 00 00 00 18:16:35:187
00 FF FF 00 00 21 00 08 06 00 00 01 00 12 00 12 00 00 00 00 19 00 00 11 DF 00 00 00 00 00 00 00 00 00 00 00 00 00 00 00 00 18:16:35:189
00 FF FF 00 00 21 00 08 05 00 00 01 00 13 00 13 00 00 00 00 7D 00 00 11 EB 00 00 00 00 00 00 00 00 00 00 00 00 00 00 00 00 18:16:35:190
00 FF FF 00 00 21 00 08 04 00 00 01 00 14 00 14 00 00 00 02 71 00 00 11 F7 00 00 00 00 00 00 00 00 00 00 00 00 00 00 00 00 18:16:35:200
00 FF FF 00 00 21 00 08 03 00 00 01 00 15 00 15 00 00 00 0C 35 00 00 12 03 00 00 00 00 00 00 00 00 00 00 00 00 00 00 00 00 18:16:35:243
00 FF FF 00 00 21 00 08 02 00 00 01 00 16 00 16 00 00 00 3D 09 00 00 12 0E 00 00 00 00 00 00 00 00 00 00 00 00 00 00 00 00 18:16:35:245
00 FF FF 00 00 21 00 08 01 00 00 01 00 17 00 17 00 00 01 31 2D 00 00 12 1A 00 00 00 00 00 00 00 00 00 00 00 00 00 00 00 00 18:16:35:246
00 FF FF 00 04 21 00 08 04 00 04 02 00 10 00 11 00 00 00 00 00 00 00 41 A2 00 FF FF 00 00 00 00 00 00 00 00 00 00 00 00 00 18:16:35:338
00 FF FF 00 04 21 00 08 03 00 04 02 00 12 00 13 00 00 00 00 32 00 00 41 B3 00 FF FF 00 00 00 00 00 00 00 00 00 00 00 00 00 18:16:35:339
00 FF FF 00 04 21 00 08 02 00 04 02 00 14 00 15 00 00 00 09 C4 00 00 41 BF 00 FF FF 00 00 00 00 00 00 00 00 00 00 00 00 00 18:16:35:380
00 FF FF 00 04 21 00 08 01 00 04 02 00 16 00 17 00 00 00 B7 1B 00 00 41 CA 00 FF FF 00 00 00 00 00 00 00 00 00 00 00 00 00 18:16:35:382
00 FF FF 00 02 21 00 08 04 00 02 02 00 10 00 11 00 00 00 00 01 00 00 12 8E 00 FF FF 00 00 00 00 00 00 00 00 00 00 00 00 00 18:16:35:384
00 FF FF 00 02 21 00 08 03 00 02 02 00 12 00 13 00 00 00 00 19 00 00 12 B4 00 FF FF 00 00 00 00 00 00 00 00 00 00 00 00 00 18:16:35:385
00 FF FF 00 02 21 00 08 02 00 02 02 00 14 00 15 00 00 00 09 C4 00 00 12 BF 00 FF FF 00 00 00 00 00 00 00 00 00 00 00 00 00 18:16:35:420
00 FF FF 00 02 21 00 08 01 00 02 02 00 16 00 17 00 00 00 7A 12 00 00 12 CB 00 FF FF 00 00 00 00 00 00 00 00 00 00 00 00 00 18:16:35:422
00 FF FF 00 05 21 00 08 04 00 05 02 00 10 00 11 00 00 00 00 00 00 00 41 CD 00 FF FF 00 00 00 00 00 00 00 00 00 00 00 00 00 18:16:35:424
00 FF FF 00 05 21 00 08 03 00 05 02 00 12 00 13 00 00 00 00 00 00 00 42 15 00 FF FF 00 00 00 00 00 00 00 00 00 00 00 00 00 18:16:35:425
00 FF FF 00 05 21 00 08 02 00 05 02 00 14 00 15 00 00 00 02 71 00 00 42 21 00 FF FF 00 00 00 00 00 00 00 00 00 00 00 00 00 18:16:35:450
00 FF FF 00 05 21 00 08 01 00 05 02 00 16 00 17 00 00 00 7A 12 00 00 42 2C 00 FF FF 00 00 00 00 00 00 00 00 00 00 00 00 00 18:16:35:451
00 FF FF 00 07 21 00 08 04 00 07 02 00 10 00 11 00 00 00 00 03 00 00 41 B2 00 FF FF 00 00 00 00 00 00 00 00 00 00 00 00 00 18:16:35:492
00 FF FF 00 07 21 00 08 03 00 07 02 00 12 00 13 00 00 00 00 4B 00 00 42 4A 00 FF FF 00 00 00 00 00 00 00 00 00 00 00 00 00 18:16:35:494
00 FF FF 00 07 21 00 08 02 00 07 02 00 14 00 15 00 00 00 00 00 00 00 42 56 00 FF FF 00 00 00 00 00 00 00 00 00 00 00 00 00 18:16:35:496
00 FF FF 00 07 21 00 08 01 00 07 02 00 16 00 17 00 00 00 7A 12 00 00 42 62 00 FF FF 00 00 00 00 00 00 00 00 00 00 00 00 00 18:16:35:497
00 FF FF 00 06 21 00 08 04 00 06 02 00 10 00 11 00 00 00 00 03 00 00 41 DD 00 FF FF 00 00 00 00 00 00 00 00 00 00 00 00 00 18:16:35:507
00 FF FF 00 06 21 00 08 03 00 06 02 00 12 00 13 00 00 00 00 00 00 00 42 77 00 FF FF 00 00 00 00 00 00 00 00 00 00 00 00 00 18:16:35:554
00 FF FF 00 06 21 00 08 02 00 06 02 00 14 00 15 00 00 00 09 C4 00 00 42 83 00 FF FF 00 00 00 00 00 00 00 00 00 00 00 00 00 18:16:35:556
00 FF FF 00 06 21 00 08 01 00 06 02 00 16 00 17 00 00 00 00 00 00 00 42 8E 00 FF FF 00 00 00 00 00 00 00 00 00 00 00 00 00 18:16:35:558
00 FF FF 00 08 21 00 08 01 00 08 02 00 16 00 17 00 00 00 B7 1B 00 00 42 7B 00 FF FF 00 00 00 00 00 00 00 00 00 00 00 00 00 18:16:35:559
00 FF FF 00 09 21 00 08 04 00 09 02 00 10 00 11 00 00 00 00 00 00 00 41 D0 00 FF FF 00 00 00 00 00 00 00 00 00 00 00 00 00 18:16:35:597
00 FF FF 00 09 21 00 08 03 00 09 02 00 12 00 13 00 00 00 00 32 00 00 42 A3 00 FF FF 00 00 00 00 00 00 00 00 00 00 00 00 00 18:16:35:599
00 FF FF 00 09 21 00 08 02 00 09 02 00 14 00 15 00 00 00 07 53 00 00 42 AF 00 FF FF 00 00 00 00 00 00 00 00 00 00 00 00 00 18:16:35:601
00 FF FF 00 09 21 00 08 01 00 09 02 00 16 00 17 00 00 00 3D 09 00 00 42 BB 00 FF FF 00 00 00 00 00 00 00 00 00 00 00 00 00 18:16:35:602
00 FF FF 00 0A 21 00 08 04 00 0A 02 00 10 00 11 00 00 00 00 01 00 00 41 A8 00 FF FF 00 00 00 00 00 00 00 00 00 00 00 00 00 18:16:35:612
00 FF FF 00 0A 21 00 08 03 00 0A 02 00 12 00 13 00 00 00 00 19 00 00 42 CB 00 FF FF 00 00 00 00 00 00 00 00 00 00 00 00 00 18:16:35:628
00 FF FF 00 0A 21 00 08 02 00 0A 02 00 14 00 15 00 00 00 04 E2 00 00 42 D6 00 FF FF 00 00 00 00 00 00 00 00 00 00 00 00 00 18:16:35:658
00 FF FF 00 0A 21 00 08 01 00 0A 02 00 16 00 17 00 00 00 7A 12 00 00 42 E2 00 FF FF 00 00 00 00 00 00 00 00 00 00 00 00 00 18:16:35:659
00 FF FF 00 03 21 00 08 08 00 03 01 00 10 00 10 00 00 00 00 00 00 00 12 A5 00 FF FF 00 00 00 00 00 00 00 00 00 00 00 00 00 18:16:35:686
00 FF FF 00 03 21 00 08 07 00 03 01 00 11 00 11 00 00 00 00 00 00 00 13 ED 00 FF FF 00 00 00 00 00 00 00 00 00 00 00 00 00 18:16:35:688
00 FF FF 00 03 21 00 08 06 00 03 01 00 12 00 12 00 00 00 00 00 00 00 13 F9 00 FF FF 00 00 00 00 00 00 00 00 00 00 00 00 00 18:16:35:689
00 FF FF 00 03 21 00 08 05 00 03 01 00 13 00 13 00 00 00 00 00 00 00 14 04 00 FF FF 00 00 00 00 00 00 00 00 00 00 00 00 00 18:16:35:731
00 FF FF 00 03 21 00 08 04 00 03 01 00 14 00 14 00 00 00 00 00 00 00 14 10 00 FF FF 00 00 00 00 00 00 00 00 00 00 00 00 00 18:16:35:733
00 FF FF 00 03 21 00 08 03 00 03 01 00 15 00 15 00 00 00 00 00 00 00 14 1C 00 FF FF 00 00 00 00 00 00 00 00 00 00 00 00 00 18:16:35:735
00 FF FF 00 03 21 00 08 02 00 03 01 00 16 00 16 00 00 00 00 00 00 00 14 27 00 FF FF 00 00 00 00 00 00 00 00 00 00 00 00 00 18:16:35:736
00 FF FF 00 03 21 00 08 01 00 03 01 00 17 00 17 00 00 00 00 00 00 00 14 33 00 FF FF 00 00 00 00 00 00 00 00 00 00 00 00 00 18:16:35:746
00 FF FF 00 00 21 00 08 08 00 00 01 00 18 00 18 00 00 00 00 01 00 00 14 81 00 00 00 00 00 00 00 00 00 00 00 00 00 00 00 00 18:16:35:905
00 FF FF 00 00 21 00 08 07 00 00 01 00 19 00 19 00 00 00 00 05 00 00 14 CE 00 00 00 00 00 00 00 00 00 00 00 00 00 00 00 00 18:16:35:907
00 FF FF 00 00 21 00 08 06 00 00 01 00 1A 00 1A 00 00 00 00 19 00 00 14 DA 00 00 00 00 00 00 00 00 00 00 00 00 00 00 00 00 18:16:35:921
00 FF FF 00 00 21 00 08 05 00 00 01 00 1B 00 1B 00 00 00 00 7D 00 00 14 E6 00 00 00 00 00 00 00 00 00 00 00 00 00 00 00 00 18:16:35:964
00 FF FF 00 00 21 00 08 04 00 00 01 00 1C 00 1C 00 00 00 02 71 00 00 14 F1 00 00 00 00 00 00 00 00 00 00 00 00 00 00 00 00 18:16:35:966
00 FF FF 00 00 21 00 08 03 00 00 01 00 1D 00 1D 00 00 00 0C 35 00 00 14 FD 00 00 00 00 00 00 00 00 00 00 00 00 00 00 00 00 18:16:35:968
00 FF FF 00 00 21 00 08 02 00 00 01 00 1E 00 1E 00 00 00 3D 09 00 00 15 09 00 00 00 00 00 00 00 00 00 00 00 00 00 00 00 00 18:16:35:969
00 FF FF 00 00 21 00 08 01 00 00 01 00 1F 00 1F 00 00 01 31 2D 00 00 15 15 00 00 00 00 00 00 00 00 00 00 00 00 00 00 00 00 18:16:35:979
00 FF FF 00 02 21 00 08 04 00 02 02 00 18 00 19 00 00 00 00 03 00 00 15 82 00 FF FF 00 00 00 00 00 00 00 00 00 00 00 00 00 18:16:36:075
00 FF FF 00 02 21 00 08 03 00 02 02 00 1A 00 1B 00 00 00 00 4B 00 00 15 89 00 FF FF 00 00 00 00 00 00 00 00 00 00 00 00 00 18:16:36:185
00 FF FF 00 02 21 00 08 02 00 02 02 00 1C 00 1D 00 00 00 02 71 00 00 15 95 00 FF FF 00 00 00 00 00 00 00 00 00 00 00 00 00 18:16:36:187
00 FF FF 00 02 21 00 08 01 00 02 02 00 1E 00 1F 00 00 00 00 00 00 00 15 A0 00 FF FF 00 00 00 00 00 00 00 00 00 00 00 00 00 18:16:36:189
00 FF FF 00 04 21 00 08 04 00 04 02 00 18 00 19 00 00 00 00 02 00 00 44 B4 00 FF FF 00 00 00 00 00 00 00 00 00 00 00 00 00 18:16:36:191
00 FF FF 00 04 21 00 08 03 00 04 02 00 1A 00 1B 00 00 00 00 32 00 00 44 DB 00 FF FF 00 00 00 00 00 00 00 00 00 00 00 00 00 18:16:36:193
00 FF FF 00 04 21 00 08 02 00 04 02 00 1C 00 1D 00 00 00 07 53 00 00 44 E7 00 FF FF 00 00 00 00 00 00 00 00 00 00 00 00 00 18:16:36:195
00 FF FF 00 04 21 00 08 01 00 04 02 00 1E 00 1F 00 00 00 7A 12 00 00 44 F3 00 FF FF 00 00 00 00 00 00 00 00 00 00 00 00 00 18:16:36:197
00 FF FF 00 05 21 00 08 04 00 05 02 00 18 00 19 00 00 00 00 03 00 00 44 DD 00 FF FF 00 00 00 00 00 00 00 00 00 00 00 00 00 18:16:36:199
00 FF FF 00 05 21 00 08 03 00 05 02 00 1A 00 1B 00 00 00 00 32 00 00 45 14 00 FF FF 00 00 00 00 00 00 00 00 00 00 00 00 00 18:16:36:201
00 FF FF 00 05 21 00 08 02 00 05 02 00 1C 00 1D 00 00 00 04 E2 00 00 45 20 00 FF FF 00 00 00 00 00 00 00 00 00 00 00 00 00 18:16:36:203
00 FF FF 00 05 21 00 08 01 00 05 02 00 1E 00 1F 00 00 00 B7 1B 00 00 45 2B 00 FF FF 00 00 00 00 00 00 00 00 00 00 00 00 00 18:16:36:204
00 FF FF 00 07 21 00 08 04 00 07 02 00 18 00 19 00 00 00 00 00 00 00 44 CE 00 FF FF 00 00 00 00 00 00 00 00 00 00 00 00 00 18:16:36:228
00 FF FF 00 07 21 00 08 03 00 07 02 00 1A 00 1B 00 00 00 00 32 00 00 45 49 00 FF FF 00 00 00 00 00 00 00 00 00 00 00 00 00 18:16:36:230
00 FF FF 00 07 21 00 08 02 00 07 02 00 1C 00 1D 00 00 00 04 E2 00 00 45 55 00 FF FF 00 00 00 00 00 00 00 00 00 00 00 00 00 18:16:36:231
00 FF FF 00 07 21 00 08 01 00 07 02 00 1E 00 1F 00 00 00 F4 24 00 00 45 61 00 FF FF 00 00 00 00 00 00 00 00 00 00 00 00 00 18:16:36:244
00 FF FF 00 08 21 00 08 04 00 08 02 00 18 00 19 00 00 00 00 00 00 00 44 AB 00 FF FF 00 00 00 00 00 00 00 00 00 00 00 00 00 18:16:36:289
00 FF FF 00 08 21 00 08 03 00 08 02 00 1A 00 1B 00 00 00 00 4B 00 00 45 63 00 FF FF 00 00 00 00 00 00 00 00 00 00 00 00 00 18:16:36:291
00 FF FF 00 08 21 00 08 02 00 08 02 00 1C 00 1D 00 00 00 00 00 00 00 45 6E 00 FF FF 00 00 00 00 00 00 00 00 00 00 00 00 00 18:16:36:293
00 FF FF 00 08 21 00 08 01 00 08 02 00 1E 00 1F 00 00 00 3D 09 00 00 45 7A 00 FF FF 00 00 00 00 00 00 00 00 00 00 00 00 00 18:16:36:294
00 FF FF 00 09 21 00 08 08 00 09 01 00 18 00 18 00 00 00 00 00 00 00 44 9B 00 FF FF 00 00 00 00 00 00 00 00 00 00 00 00 00 18:16:36:305
00 FF FF 00 09 21 00 08 07 00 09 01 00 19 00 19 00 00 00 00 00 00 00 45 9D 00 FF FF 00 00 00 00 00 00 00 00 00 00 00 00 00 18:16:36:325
00 FF FF 00 09 21 00 08 06 00 09 01 00 1A 00 1A 00 00 00 00 00 00 00 45 A8 00 FF FF 00 00 00 00 00 00 00 00 00 00 00 00 00 18:16:36:363
00 FF FF 00 09 21 00 08 05 00 09 01 00 1B 00 1B 00 00 00 00 00 00 00 45 B4 00 FF FF 00 00 00 00 00 00 00 00 00 00 00 00 00 18:16:36:365
00 FF FF 00 09 21 00 08 04 00 09 01 00 1C 00 1C 00 00 00 00 00 00 00 45 BF 00 FF FF 00 00 00 00 00 00 00 00 00 00 00 00 00 18:16:36:367
00 FF FF 00 09 21 00 08 03 00 09 01 00 1D 00 1D 00 00 00 00 00 00 00 45 CB 00 FF FF 00 00 00 00 00 00 00 00 00 00 00 00 00 18:16:36:368
00 FF FF 00 09 21 00 08 02 00 09 01 00 1E 00 1E 00 00 00 00 00 00 00 45 D7 00 FF FF 00 00 00 00 00 00 00 00 00 00 00 00 00 18:16:36:394
00 FF FF 00 09 21 00 08 01 00 09 01 00 1F 00 1F 00 00 00 00 00 00 00 45 E2 00 FF FF 00 00 00 00 00 00 00 00 00 00 00 00 00 18:16:36:395
00 FF FF 00 0A 21 00 08 08 00 0A 01 00 18 00 18 00 00 00 00 00 00 00 44 A1 00 FF FF 00 00 00 00 00 00 00 00 00 00 00 00 00 18:16:36:436
00 FF FF 00 0A 21 00 08 07 00 0A 01 00 19 00 19 00 00 00 00 00 00 00 45 F3 00 FF FF 00 00 00 00 00 00 00 00 00 00 00 00 00 18:16:36:438
00 FF FF 00 0A 21 00 08 06 00 0A 01 00 1A 00 1A 00 00 00 00 00 00 00 45 FE 00 FF FF 00 00 00 00 00 00 00 00 00 00 00 00 00 18:16:36:440
00 FF FF 00 0A 21 00 08 05 00 0A 01 00 1B 00 1B 00 00 00 00 00 00 00 46 0A 00 FF FF 00 00 00 00 00 00 00 00 00 00 00 00 00 18:16:36:441
00 FF FF 00 0A 21 00 08 04 00 0A 01 00 1C 00 1C 00 00 00 00 00 00 00 46 15 00 FF FF 00 00 00 00 00 00 00 00 00 00 00 00 00 18:16:36:480
00 FF FF 00 0A 21 00 08 03 00 0A 01 00 1D 00 1D 00 00 00 00 00 00 00 46 21 00 FF FF 00 00 00 00 00 00 00 00 00 00 00 00 00 18:16:36:482
00 FF FF 00 0A 21 00 08 02 00 0A 01 00 1E 00 1E 00 00 00 00 00 00 00 46 2C 00 FF FF 00 00 00 00 00 00 00 00 00 00 00 00 00 18:16:36:484
00 FF FF 00 0A 21 00 08 01 00 0A 01 00 1F 00 1F 00 00 00 00 00 00 00 46 38 00 FF FF 00 00 00 00 00 00 00 00 00 00 00 00 00 18:16:36:485
00 FF FF 00 03 21 00 08 08 00 03 01 00 18 00 18 00 00 00 00 00 00 00 15 97 00 FF FF 00 00 00 00 00 00 00 00 00 00 00 00 00 18:16:36:540
00 FF FF 00 03 21 00 08 07 00 03 01 00 19 00 19 00 00 00 00 00 00 00 17 4D 00 FF FF 00 00 00 00 00 00 00 00 00 00 00 00 00 18:16:36:542
00 FF FF 00 03 21 00 08 06 00 03 01 00 1A 00 1A 00 00 00 00 00 00 00 17 59 00 FF FF 00 00 00 00 00 00 00 00 00 00 00 00 00 18:16:36:544
00 FF FF 00 03 21 00 08 05 00 03 01 00 1B 00 1B 00 00 00 00 00 00 00 17 64 00 FF FF 00 00 00 00 00 00 00 00 00 00 00 00 00 18:16:36:545
00 FF FF 00 03 21 00 08 04 00 03 01 00 1C 00 1C 00 00 00 00 00 00 00 17 70 00 FF FF 00 00 00 00 00 00 00 00 00 00 00 00 00 18:16:36:555
00 FF FF 00 03 21 00 08 03 00 03 01 00 1D 00 1D 00 00 00 00 00 00 00 17 7C 00 FF FF 00 00 00 00 00 00 00 00 00 00 00 00 00 18:16:36:598
00 FF FF 00 03 21 00 08 02 00 03 01 00 1E 00 1E 00 00 00 00 00 00 00 17 87 00 FF FF 00 00 00 00 00 00 00 00 00 00 00 00 00 18:16:36:599
00 FF FF 00 03 21 00 08 01 00 03 01 00 1F 00 1F 00 00 00 00 00 00 00 17 93 00 FF FF 00 00 00 00 00 00 00 00 00 00 00 00 00 18:16:36:601
00 FF FF 00 06 21 00 08 04 00 06 02 00 18 00 19 00 00 00 00 03 00 00 44 DA 00 FF FF 00 00 00 00 00 00 00 00 00 00 00 00 00 18:16:36:645
00 FF FF 00 06 21 00 08 03 00 06 02 00 1A 00 1B 00 00 00 00 4B 00 00 47 01 00 FF FF 00 00 00 00 00 00 00 00 00 00 00 00 00 18:16:36:674
00 FF FF 00 06 21 00 08 02 00 06 02 00 1C 00 1D 00 00 00 09 C4 00 00 47 0D 00 FF FF 00 00 00 00 00 00 00 00 00 00 00 00 00 18:16:36:676
00 FF FF 00 06 21 00 08 01 00 06 02 00 1E 00 1F 00 00 00 00 00 00 00 47 18 00 FF FF 00 00 00 00 00 00 00 00 00 00 00 00 00 18:16:36:678
00 FF FF 00 02 21 00 08 00 00 02 06 00 00 00 00 08 00 00 00 00 00 00 18 0C 00 FF FF 00 00 00 00 00 00 00 00 00 00 00 00 00 18:16:36:791
00 FF FF 00 04 21 00 08 00 00 04 06 00 00 00 00 08 00 00 00 00 00 00 47 32 00 FF FF 00 00 00 00 00 00 00 00 00 00 00 00 00 18:16:36:793
00 FF FF 00 05 21 00 08 00 00 05 06 00 00 00 00 08 00 00 00 00 00 00 47 49 00 FF FF 00 00 00 00 00 00 00 00 00 00 00 00 00 18:16:36:795
00 FF FF 00 06 21 00 08 00 00 06 06 00 00 00 00 08 00 00 00 00 00 00 47 58 00 FF FF 00 00 00 00 00 00 00 00 00 00 00 00 00 18:16:36:797
00 FF FF 00 07 21 00 08 00 00 07 06 00 00 00 00 08 00 00 00 00 00 00 47 35 00 FF FF 00 00 00 00 00 00 00 00 00 00 00 00 00 18:16:36:799
00 FF FF 00 08 21 00 08 00 00 08 06 00 00 00 00 08 00 00 00 00 00 00 47 2E 00 FF FF 00 00 00 00 00 00 00 00 00 00 00 00 00 18:16:36:801
00 FF FF 00 09 21 00 08 00 00 09 06 00 00 00 00 08 00 00 00 00 00 00 47 33 00 FF FF 00 00 00 00 00 00 00 00 00 00 00 00 00 18:16:36:803
00 FF FF 00 0A 21 00 08 00 00 0A 06 00 00 00 00 08 00 00 00 00 00 00 47 49 00 FF FF 00 00 00 00 00 00 00 00 00 00 00 00 00 18:16:36:805
00 FF FF 00 03 21 00 08 00 00 03 06 00 00 00 00 08 00 00 00 00 00 00 18 18 00 FF FF 00 00 00 00 00 00 00 00 00 00 00 00 00 18:16:36:806
