00 FF FF 00 00 21 00 08 08 00 00 01 00 00 00 00 00 00 00 00 01 00 00 0B BB 00 00 00 00 00 00 00 00 00 00 00 00 00 00 00 00 18:46:55:638
00 FF FF 00 00 21 00 08 07 00 00 01 00 01 00 01 00 00 00 00 05 00 00 0B C2 00 00 00 00 00 00 00 00 00 00 00 00 00 00 00 00 18:46:55:677
00 FF FF 00 00 21 00 08 06 00 00 01 00 02 00 02 00 00 00 00 19 00 00 0B CE 00 00 00 00 00 00 00 00 00 00 00 00 00 00 00 00 18:46:55:679
00 FF FF 00 00 21 00 08 05 00 00 01 00 03 00 03 00 00 00 00 7D 00 00 0B D9 00 00 00 00 00 00 00 00 00 00 00 00 00 00 00 00 18:46:55:681
00 FF FF 00 00 21 00 08 04 00 00 01 00 04 00 04 00 00 00 02 71 00 00 0B E5 00 00 00 00 00 00 00 00 00 00 00 00 00 00 00 00 18:46:55:682
00 FF FF 00 00 21 00 08 03 00 00 01 00 05 00 05 00 00 00 0C 35 00 00 0B F1 00 00 00 00 00 00 00 00 00 00 00 00 00 00 00 00 18:46:55:693
00 FF FF 00 00 21 00 08 02 00 00 01 00 06 00 06 00 00 00 3D 09 00 00 0B FD 00 00 00 00 00 00 00 00 00 00 00 00 00 00 00 00 18:46:55:722
00 FF FF 00 00 21 00 08 01 00 00 01 00 07 00 07 00 00 01 31 2D 00 00 0C 08 00 00 00 00 00 00 00 00 00 00 00 00 00 00 00 00 18:46:55:723
00 FF FF 00 02 21 00 08 04 00 02 02 00 00 00 01 00 00 00 00 02 00 00 0C AE 00 FF FF 00 00 00 00 00 00 00 00 00 00 00 00 00 18:46:55:861
00 FF FF 00 02 21 00 08 03 00 02 02 00 02 00 03 00 00 00 00 32 00 00 0C B5 00 FF FF 00 00 00 00 00 00 00 00 00 00 00 00 00 18:46:55:863
00 FF FF 00 02 21 00 08 02 00 02 02 00 04 00 05 00 00 00 07 53 00 00 0C C1 00 FF FF 00 00 00 00 00 00 00 00 00 00 00 00 00 18:46:55:865
00 FF FF 00 02 21 00 08 01 00 02 02 00 06 00 07 00 00 00 7A 12 00 00 0C CD 00 FF FF 00 00 00 00 00 00 00 00 00 00 00 00 00 18:46:55:867
00 FF FF 00 04 21 00 08 04 00 04 02 00 00 00 01 00 00 00 00 03 00 00 20 8B 00 FF FF 00 00 00 00 00 00 00 00 00 00 00 00 00 18:46:55:877
00 FF FF 00 04 21 00 08 03 00 04 02 00 02 00 03 00 00 00 00 64 00 00 20 CC 00 FF FF 00 00 00 00 00 00 00 00 00 00 00 00 00 18:46:55:893
00 FF FF 00 04 21 00 08 02 00 04 02 00 04 00 05 00 00 00 09 C4 00 00 20 D7 00 FF FF 00 00 00 00 00 00 00 00 00 00 00 00 00 18:46:55:922
00 FF FF 00 04 21 00 08 01 00 04 02 00 06 00 07 00 00 00 7A 12 00 00 20 E3 00 FF FF 00 00 00 00 00 00 00 00 00 00 00 00 00 18:46:55:924
00 FF FF 00 05 21 00 08 04 00 05 02 00 00 00 01 00 00 00 00 00 00 00 20 9B 00 FF FF 00 00 00 00 00 00 00 00 00 00 00 00 00 18:46:55:951
00 FF FF 00 05 21 00 08 03 00 05 02 00 02 00 03 00 00 00 00 64 00 00 21 11 00 FF FF 00 00 00 00 00 00 00 00 00 00 00 00 00 18:46:55:953
00 FF FF 00 05 21 00 08 02 00 05 02 00 04 00 05 00 00 00 07 53 00 00 21 1C 00 FF FF 00 00 00 00 00 00 00 00 00 00 00 00 00 18:46:55:954
00 FF FF 00 05 21 00 08 01 00 05 02 00 06 00 07 00 00 00 B7 1B 00 00 21 28 00 FF FF 00 00 00 00 00 00 00 00 00 00 00 00 00 18:46:55:966
00 FF FF 00 07 21 00 08 04 00 07 02 00 00 00 01 00 00 00 00 03 00 00 20 90 00 FF FF 00 00 00 00 00 00 00 00 00 00 00 00 00 18:46:56:012
00 FF FF 00 07 21 00 08 03 00 07 02 00 02 00 03 00 00 00 00 64 00 00 21 4A 00 FF FF 00 00 00 00 00 00 00 00 00 00 00 00 00 18:46:56:014
00 FF FF 00 07 21 00 08 02 00 07 02 00 04 00 05 00 00 00 02 71 00 00 21 56 00 FF FF 00 00 00 00 00 00 00 00 00 00 00 00 00 18:46:56:015
00 FF FF 00 07 21 00 08 01 00 07 02 00 06 00 07 00 00 00 B7 1B 00 00 21 61 00 FF FF 00 00 00 00 00 00 00 00 00 00 00 00 00 18:46:56:027
00 FF FF 00 08 21 00 08 04 00 08 02 00 00 00 01 00 00 00 00 02 00 00 20 7B 00 FF FF 00 00 00 00 00 00 00 00 00 00 00 00 00 18:46:56:059
00 FF FF 00 08 21 00 08 03 00 08 02 00 02 00 03 00 00 00 00 64 00 00 21 80 00 FF FF 00 00 00 00 00 00 00 00 00 00 00 00 00 18:46:56:061
00 FF FF 00 08 21 00 08 02 00 08 02 00 04 00 05 00 00 00 00 00 00 00 21 8C 00 FF FF 00 00 00 00 00 00 00 00 00 00 00 00 00 18:46:56:090
00 FF FF 00 08 21 00 08 01 00 08 02 00 06 00 07 00 00 00 F4 24 00 00 21 97 00 FF FF 00 00 00 00 00 00 00 00 00 00 00 00 00 18:46:56:091
00 FF FF 00 0A 21 00 08 04 00 0A 02 00 00 00 01 00 00 00 00 00 00 00 20 91 00 FF FF 00 00 00 00 00 00 00 00 00 00 00 00 00 18:46:56:151
00 FF FF 00 0A 21 00 08 03 00 0A 02 00 02 00 03 00 00 00 00 64 00 00 21 C1 00 FF FF 00 00 00 00 00 00 00 00 00 00 00 00 00 18:46:56:153
00 FF FF 00 0A 21 00 08 02 00 0A 02 00 04 00 05 00 00 00 00 00 00 00 21 CC 00 FF FF 00 00 00 00 00 00 00 00 00 00 00 00 00 18:46:56:154
00 FF FF 00 0A 21 00 08 01 00 0A 02 00 06 00 07 00 00 00 3D 09 00 00 21 D8 00 FF FF 00 00 00 00 00 00 00 00 00 00 00 00 00 18:46:56:166
00 FF FF 00 03 21 00 08 04 00 03 02 00 00 00 01 00 00 00 00 02 00 00 0C CA 00 FF FF 00 00 00 00 00 00 00 00 00 00 00 00 00 18:46:56:241
00 FF FF 00 03 21 00 08 03 00 03 02 00 02 00 03 00 00 00 00 32 00 00 0E 38 00 FF FF 00 00 00 00 00 00 00 00 00 00 00 00 00 18:46:56:243
00 FF FF 00 03 21 00 08 02 00 03 02 00 04 00 05 00 00 00 09 C4 00 00 0E 43 00 FF FF 00 00 00 00 00 00 00 00 00 00 00 00 00 18:46:56:245
00 FF FF 00 03 21 00 08 01 00 03 02 00 06 00 07 00 00 00 3D 09 00 00 0E 4F 00 FF FF 00 00 00 00 00 00 00 00 00 00 00 00 00 18:46:56:254
00 FF FF 00 09 21 00 08 04 00 09 02 00 00 00 01 00 00 00 00 00 00 00 21 B1 00 FF FF 00 00 00 00 00 00 00 00 00 00 00 00 00 18:46:56:289
00 FF FF 00 09 21 00 08 03 00 09 02 00 02 00 03 00 00 00 00 64 00 00 22 83 00 FF FF 00 00 00 00 00 00 00 00 00 00 00 00 00 18:46:56:330
00 FF FF 00 09 21 00 08 02 00 09 02 00 04 00 05 00 00 00 09 C4 00 00 22 8F 00 FF FF 00 00 00 00 00 00 00 00 00 00 00 00 00 18:46:56:332
00 FF FF 00 09 21 00 08 01 00 09 02 00 06 00 07 00 00 00 00 00 00 00 22 9A 00 FF FF 00 00 00 00 00 00 00 00 00 00 00 00 00 18:46:56:333
00 FF FF 00 00 21 00 08 08 00 00 01 00 08 00 08 00 00 00 00 01 00 00 0E 73 00 00 00 00 00 00 00 00 00 00 00 00 00 00 00 00 18:46:56:345
00 FF FF 00 00 21 00 08 07 00 00 01 00 09 00 09 00 00 00 00 05 00 00 0E 9E 00 00 00 00 00 00 00 00 00 00 00 00 00 00 00 00 18:46:56:391
00 FF FF 00 00 21 00 08 06 00 00 01 00 0A 00 0A 00 00 00 00 19 00 00 0E A9 00 00 00 00 00 00 00 00 00 00 00 00 00 00 00 00 18:46:56:393
00 FF FF 00 00 21 00 08 05 00 00 01 00 0B 00 0B 00 00 00 00 7D 00 00 0E B5 00 00 00 00 00 00 00 00 00 00 00 00 00 00 00 00 18:46:56:395
00 FF FF 00 00 21 00 08 04 00 00 01 00 0C 00 0C 00 00 00 02 71 00 00 0E C1 00 00 00 00 00 00 00 00 00 00 00 00 00 00 00 00 18:46:56:397
00 FF FF 00 00 21 00 08 03 00 00 01 00 0D 00 0D 00 00 00 0C 35 00 00 0E CD 00 00 00 00 00 00 00 00 00 00 00 00 00 00 00 00 18:46:56:407
00 FF FF 00 00 21 00 08 02 00 00 01 00 0E 00 0E 00 00 00 3D 09 00 00 0E D8 00 00 00 00 00 00 00 00 00 00 00 00 00 00 00 00 18:46:56:436
00 FF FF 00 00 21 00 08 01 00 00 01 00 0F 00 0F 00 00 01 31 2D 00 00 0E E4 00 00 00 00 00 00 00 00 00 00 00 00 00 00 00 00 18:46:56:437
00 FF FF 00 02 21 00 08 04 00 02 02 00 08 00 09 00 00 00 00 03 00 00 0F 6F 00 FF FF 00 00 00 00 00 00 00 00 00 00 00 00 00 18:46:56:515
00 FF FF 00 02 21 00 08 03 00 02 02 00 0A 00 0B 00 00 00 00 00 00 00 0F 76 00 FF FF 00 00 00 00 00 00 00 00 00 00 00 00 00 18:46:56:532
00 FF FF 00 02 21 00 08 02 00 02 02 00 0C 00 0D 00 00 00 09 C4 00 00 0F 82 00 FF FF 00 00 00 00 00 00 00 00 00 00 00 00 00 18:46:56:561
00 FF FF 00 02 21 00 08 01 00 02 02 00 0E 00 0F 00 00 00 3D 09 00 00 0F 8D 00 FF FF 00 00 00 00 00 00 00 00 00 00 00 00 00 18:46:56:562
00 FF FF 00 05 21 00 08 04 00 05 02 00 08 00 09 00 00 00 00 00 00 00 23 67 00 FF FF 00 00 00 00 00 00 00 00 00 00 00 00 00 18:46:56:576
00 FF FF 00 05 21 00 08 03 00 05 02 00 0A 00 0B 00 00 00 00 00 00 00 23 A8 00 FF FF 00 00 00 00 00 00 00 00 00 00 00 00 00 18:46:56:593
00 FF FF 00 05 21 00 08 02 00 05 02 00 0C 00 0D 00 00 00 09 C4 00 00 23 B4 00 FF FF 00 00 00 00 00 00 00 00 00 00 00 00 00 18:46:56:621
00 FF FF 00 04 21 00 08 02 00 04 02 00 0C 00 0D 00 00 00 09 C4 00 00 23 A2 00 FF FF 00 00 00 00 00 00 00 00 00 00 00 00 00 18:46:56:623
00 FF FF 00 05 21 00 08 01 00 05 02 00 0E 00 0F 00 00 00 7A 12 00 00 23 C0 00 FF FF 00 00 00 00 00 00 00 00 00 00 00 00 00 18:46:56:624
00 FF FF 00 04 21 00 08 01 00 04 02 00 0E 00 0F 00 00 00 B7 1B 00 00 23 B4 00 FF FF 00 00 00 00 00 00 00 00 00 00 00 00 00 18:46:56:636
00 FF FF 00 06 21 00 08 04 00 06 02 00 08 00 09 00 00 00 00 03 00 00 23 89 00 FF FF 00 00 00 00 00 00 00 00 00 00 00 00 00 18:46:56:668
00 FF FF 00 06 21 00 08 03 00 06 02 00 0A 00 0B 00 00 00 00 19 00 00 23 F1 00 FF FF 00 00 00 00 00 00 00 00 00 00 00 00 00 18:46:56:670
00 FF FF 00 06 21 00 08 02 00 06 02 00 0C 00 0D 00 00 00 04 E2 00 00 23 FC 00 FF FF 00 00 00 00 00 00 00 00 00 00 00 00 00 18:46:56:699
00 FF FF 00 06 21 00 08 01 00 06 02 00 0E 00 0F 00 00 00 F4 24 00 00 24 08 00 FF FF 00 00 00 00 00 00 00 00 00 00 00 00 00 18:46:56:700
00 FF FF 00 07 21 00 08 04 00 07 02 00 08 00 09 00 00 00 00 01 00 00 23 71 00 FF FF 00 00 00 00 00 00 00 00 00 00 00 00 00 18:46:56:714
00 FF FF 00 07 21 00 08 03 00 07 02 00 0A 00 0B 00 00 00 00 19 00 00 24 34 00 FF FF 00 00 00 00 00 00 00 00 00 00 00 00 00 18:46:56:730
00 FF FF 00 08 21 00 08 02 00 08 02 00 0C 00 0D 00 00 00 09 C4 00 00 24 38 00 FF FF 00 00 00 00 00 00 00 00 00 00 00 00 00 18:46:56:768
00 FF FF 00 07 21 00 08 02 00 07 02 00 0C 00 0D 00 00 00 00 00 00 00 24 40 00 FF FF 00 00 00 00 00 00 00 00 00 00 00 00 00 18:46:56:770
00 FF FF 00 08 21 00 08 01 00 08 02 00 0E 00 0F 00 00 00 F4 24 00 00 24 43 00 FF FF 00 00 00 00 00 00 00 00 00 00 00 00 00 18:46:56:772
00 FF FF 00 07 21 00 08 01 00 07 02 00 0E 00 0F 00 00 00 B7 1B 00 00 24 51 00 FF FF 00 00 00 00 00 00 00 00 00 00 00 00 00 18:46:56:773
00 FF FF 00 0A 21 00 08 04 00 0A 02 00 08 00 09 00 00 00 00 04 00 00 23 40 00 FF FF 00 00 00 00 00 00 00 00 00 00 00 00 00 18:46:56:829
00 FF FF 00 0A 21 00 08 03 00 0A 02 00 0A 00 0B 00 00 00 00 4B 00 00 24 78 00 FF FF 00 00 00 00 00 00 00 00 00 00 00 00 00 18:46:56:831
00 FF FF 00 0A 21 00 08 02 00 0A 02 00 0C 00 0D 00 00 00 07 53 00 00 24 84 00 FF FF 00 00 00 00 00 00 00 00 00 00 00 00 00 18:46:56:832
00 FF FF 00 0A 21 00 08 01 00 0A 02 00 0E 00 0F 00 00 00 3D 09 00 00 24 8F 00 FF FF 00 00 00 00 00 00 00 00 00 00 00 00 00 18:46:56:844
00 FF FF 00 03 21 00 08 04 00 03 02 00 08 00 09 00 00 00 00 03 00 00 0F A5 00 FF FF 00 00 00 00 00 00 00 00 00 00 00 00 00 18:46:56:876
00 FF FF 00 03 21 00 08 03 00 03 02 00 0A 00 0B 00 00 00 00 64 00 00 10 E5 00 FF FF 00 00 00 00 00 00 00 00 00 00 00 00 00 18:46:56:921
00 FF FF 00 03 21 00 08 02 00 03 02 00 0C 00 0D 00 00 00 00 00 00 00 10 F1 00 FF FF 00 00 00 00 00 00 00 00 00 00 00 00 00 18:46:56:923
00 FF FF 00 03 21 00 08 01 00 03 02 00 0E 00 0F 00 00 00 3D 09 00 00 10 FC 00 FF FF 00 00 00 00 00 00 00 00 00 00 00 00 00 18:46:56:924
00 FF FF 00 09 21 00 08 04 00 09 02 00 08 00 09 00 00 00 00 03 00 00 25 09 00 FF FF 00 00 00 00 00 00 00 00 00 00 00 00 00 18:46:57:000
00 FF FF 00 09 21 00 08 03 00 09 02 00 0A 00 0B 00 00 00 00 4B 00 00 25 60 00 FF FF 00 00 00 00 00 00 00 00 00 00 00 00 00 18:46:57:016
00 FF FF 00 09 21 00 08 02 00 09 02 00 0C 00 0D 00 00 00 09 C4 00 00 25 6C 00 FF FF 00 00 00 00 00 00 00 00 00 00 00 00 00 18:46:57:046
00 FF FF 00 09 21 00 08 01 00 09 02 00 0E 00 0F 00 00 00 00 00 00 00 25 77 00 FF FF 00 00 00 00 00 00 00 00 00 00 00 00 00 18:46:57:047
00 FF FF 00 00 21 00 08 08 00 00 01 00 10 00 10 00 00 00 00 01 00 00 11 4C 00 00 00 00 00 00 00 00 00 00 00 00 00 00 00 00 18:46:57:061
00 FF FF 00 00 21 00 08 07 00 00 01 00 11 00 11 00 00 00 00 05 00 00 11 7B 00 00 00 00 00 00 00 00 00 00 00 00 00 00 00 00 18:46:57:077
00 FF FF 00 00 21 00 08 06 00 00 01 00 12 00 12 00 00 00 00 19 00 00 11 87 00 00 00 00 00 00 00 00 00 00 00 00 00 00 00 00 18:46:57:120
00 FF FF 00 00 21 00 08 05 00 00 01 00 13 00 13 00 00 00 00 7D 00 00 11 93 00 00 00 00 00 00 00 00 00 00 00 00 00 00 00 00 18:46:57:122
00 FF FF 00 00 21 00 08 04 00 00 01 00 14 00 14 00 00 00 02 71 00 00 11 9F 00 00 00 00 00 00 00 00 00 00 00 00 00 00 00 00 18:46:57:124
00 FF FF 00 00 21 00 08 03 00 00 01 00 15 00 15 00 00 00 0C 35 00 00 11 AA 00 00 00 00 00 00 00 00 00 00 00 00 00 00 00 00 18:46:57:125
00 FF FF 00 00 21 00 08 02 00 00 01 00 16 00 16 00 00 00 3D 09 00 00 11 B6 00 00 00 00 00 00 00 00 00 00 00 00 00 00 00 00 18:46:57:136
00 FF FF 00 00 21 00 08 01 00 00 01 00 17 00 17 00 00 01 31 2D 00 00 11 C2 00 00 00 00 00 00 00 00 00 00 00 00 00 00 00 00 18:46:57:151
00 FF FF 00 05 21 00 08 04 00 05 02 00 10 00 11 00 00 00 00 01 00 00 26 4C 00 FF FF 00 00 00 00 00 00 00 00 00 00 00 00 00 18:46:57:305
00 FF FF 00 05 21 00 08 03 00 05 02 00 12 00 13 00 00 00 00 00 00 00 26 67 00 FF FF 00 00 00 00 00 00 00 00 00 00 00 00 00 18:46:57:329
00 FF FF 00 05 21 00 08 02 00 05 02 00 14 00 15 00 00 00 00 00 00 00 26 73 00 FF FF 00 00 00 00 00 00 00 00 00 00 00 00 00 18:46:57:331
00 FF FF 00 05 21 00 08 01 00 05 02 00 16 00 17 00 00 00 F4 24 00 00 26 7E 00 FF FF 00 00 00 00 00 00 00 00 00 00 00 00 00 18:46:57:333
00 FF FF 00 06 21 00 08 04 00 06 02 00 10 00 11 00 00 00 00 00 00 00 26 34 00 FF FF 00 00 00 00 00 00 00 00 00 00 00 00 00 18:46:57:366
00 FF FF 00 06 21 00 08 03 00 06 02 00 12 00 13 00 00 00 00 00 00 00 26 A5 00 FF FF 00 00 00 00 00 00 00 00 00 00 00 00 00 18:46:57:368
00 FF FF 00 06 21 00 08 02 00 06 02 00 14 00 15 00 00 00 04 E2 00 00 26 B0 00 FF FF 00 00 00 00 00 00 00 00 00 00 00 00 00 18:46:57:370
00 FF FF 00 06 21 00 08 01 00 06 02 00 16 00 17 00 00 00 B7 1B 00 00 26 BC 00 FF FF 00 00 00 00 00 00 00 00 00 00 00 00 00 18:46:57:371
00 FF FF 00 07 21 00 08 04 00 07 02 00 10 00 11 00 00 00 00 02 00 00 26 50 00 FF FF 00 00 00 00 00 00 00 00 00 00 00 00 00 18:46:57:413
00 FF FF 00 07 21 00 08 03 00 07 02 00 12 00 13 00 00 00 00 4B 00 00 26 F2 00 FF FF 00 00 00 00 00 00 00 00 00 00 00 00 00 18:46:57:414
00 FF FF 00 07 21 00 08 02 00 07 02 00 14 00 15 00 00 00 07 53 00 00 26 FD 00 FF FF 00 00 00 00 00 00 00 00 00 00 00 00 00 18:46:57:457
00 FF FF 00 09 21 00 08 02 00 09 02 00 14 00 15 00 00 00 02 71 00 00 27 06 00 FF FF 00 00 00 00 00 00 00 00 00 00 00 00 00 18:46:57:459
00 FF FF 00 07 21 00 08 01 00 07 02 00 16 00 17 00 00 00 7A 12 00 00 27 09 00 FF FF 00 00 00 00 00 00 00 00 00 00 00 00 00 18:46:57:461
00 FF FF 00 09 21 00 08 01 00 09 02 00 16 00 17 00 00 00 F4 24 00 00 27 17 00 FF FF 00 00 00 00 00 00 00 00 00 00 00 00 00 18:46:57:462
00 FF FF 00 08 21 00 08 04 00 08 02 00 10 00 11 00 00 00 00 03 00 00 26 65 00 FF FF 00 00 00 00 00 00 00 00 00 00 00 00 00 18:46:57:472
00 FF FF 00 08 21 00 08 03 00 08 02 00 12 00 13 00 00 00 00 19 00 00 27 31 00 FF FF 00 00 00 00 00 00 00 00 00 00 00 00 00 18:46:57:516
00 FF FF 00 08 21 00 08 02 00 08 02 00 14 00 15 00 00 00 00 00 00 00 27 3D 00 FF FF 00 00 00 00 00 00 00 00 00 00 00 00 00 18:46:57:518
00 FF FF 00 08 21 00 08 01 00 08 02 00 16 00 17 00 00 00 F4 24 00 00 27 48 00 FF FF 00 00 00 00 00 00 00 00 00 00 00 00 00 18:46:57:519
00 FF FF 00 0A 21 00 08 04 00 0A 02 00 10 00 11 00 00 00 00 04 00 00 26 20 00 FF FF 00 00 00 00 00 00 00 00 00 00 00 00 00 18:46:57:575
00 FF FF 00 0A 21 00 08 03 00 0A 02 00 12 00 13 00 00 00 00 32 00 00 27 68 00 FF FF 00 00 00 00 00 00 00 00 00 00 00 00 00 18:46:57:577
00 FF FF 00 0A 21 00 08 02 00 0A 02 00 14 00 15 00 00 00 00 00 00 00 27 74 00 FF FF 00 00 00 00 00 00 00 00 00 00 00 00 00 18:46:57:579
00 FF FF 00 0A 21 00 08 01 00 0A 02 00 16 00 17 00 00 00 F4 24 00 00 27 7F 00 FF FF 00 00 00 00 00 00 00 00 00 00 00 00 00 18:46:57:580
00 FF FF 00 03 21 00 08 04 00 03 02 00 10 00 11 00 00 00 00 02 00 00 12 58 00 FF FF 00 00 00 00 00 00 00 00 00 00 00 00 00 18:46:57:622
00 FF FF 00 04 21 00 08 04 00 04 02 00 10 00 11 00 00 00 00 03 00 00 26 63 00 FF FF 00 00 00 00 00 00 00 00 00 00 00 00 00 18:46:57:623
00 FF FF 00 03 21 00 08 03 00 03 02 00 12 00 13 00 00 00 00 4B 00 00 13 D5 00 FF FF 00 00 00 00 00 00 00 00 00 00 00 00 00 18:46:57:660
00 FF FF 00 04 21 00 08 03 00 04 02 00 12 00 13 00 00 00 00 64 00 00 27 C4 00 FF FF 00 00 00 00 00 00 00 00 00 00 00 00 00 18:46:57:662
00 FF FF 00 04 21 00 08 02 00 04 02 00 14 00 15 00 00 00 07 53 00 00 27 CF 00 FF FF 00 00 00 00 00 00 00 00 00 00 00 00 00 18:46:57:664
00 FF FF 00 04 21 00 08 01 00 04 02 00 16 00 17 00 00 00 B7 1B 00 00 27 DB 00 FF FF 00 00 00 00 00 00 00 00 00 00 00 00 00 18:46:57:665
00 FF FF 00 02 21 00 08 02 00 02 02 00 14 00 15 00 00 00 04 E2 00 00 13 E6 00 FF FF 00 00 00 00 00 00 00 00 00 00 00 00 00 18:46:57:691
00 FF FF 00 02 21 00 08 01 00 02 02 00 16 00 17 00 00 00 00 00 00 00 14 1E 00 FF FF 00 00 00 00 00 00 00 00 00 00 00 00 00 18:46:57:692
00 FF FF 00 03 21 00 08 02 00 03 02 00 14 00 15 00 00 00 09 C4 00 00 13 E5 00 FF FF 00 00 00 00 00 00 00 00 00 00 00 00 00 18:46:57:718
00 FF FF 00 03 21 00 08 01 00 03 02 00 16 00 17 00 00 00 B7 1B 00 00 14 2E 00 FF FF 00 00 00 00 00 00 00 00 00 00 00 00 00 18:46:57:719
00 FF FF 00 00 21 00 08 08 00 00 01 00 18 00 18 00 00 00 00 01 00 00 14 29 00 00 00 00 00 00 00 00 00 00 00 00 00 00 00 00 18:46:57:749
00 FF FF 00 00 21 00 08 07 00 00 01 00 19 00 19 00 00 00 00 05 00 00 14 3A 00 00 00 00 00 00 00 00 00 00 00 00 00 00 00 00 18:46:57:794
00 FF FF 00 00 21 00 08 06 00 00 01 00 1A 00 1A 00 00 00 00 19 00 00 14 46 00 00 00 00 00 00 00 00 00 00 00 00 00 00 00 00 18:46:57:796
00 FF FF 00 00 21 00 08 05 00 00 01 00 1B 00 1B 00 00 00 00 7D 00 00 14 52 00 00 00 00 00 00 00 00 00 00 00 00 00 00 00 00 18:46:57:798
00 FF FF 00 00 21 00 08 04 00 00 01 00 1C 00 1C 00 00 00 02 71 00 00 14 5D 00 00 00 00 00 00 00 00 00 00 00 00 00 00 00 00 18:46:57:799
00 FF FF 00 00 21 00 08 03 00 00 01 00 1D 00 1D 00 00 00 0C 35 00 00 14 69 00 00 00 00 00 00 00 00 00 00 00 00 00 00 00 00 18:46:57:809
00 FF FF 00 00 21 00 08 02 00 00 01 00 1E 00 1E 00 00 00 3D 09 00 00 14 75 00 00 00 00 00 00 00 00 00 00 00 00 00 00 00 00 18:46:57:839
00 FF FF 00 00 21 00 08 01 00 00 01 00 1F 00 1F 00 00 01 31 2D 00 00 14 81 00 00 00 00 00 00 00 00 00 00 00 00 00 00 00 00 18:46:57:840
00 FF FF 00 05 21 00 08 04 00 05 02 00 18 00 19 00 00 00 00 03 00 00 29 15 00 FF FF 00 00 00 00 00 00 00 00 00 00 00 00 00 18:46:57:950
00 FF FF 00 05 21 00 08 03 00 05 02 00 1A 00 1B 00 00 00 00 00 00 00 29 26 00 FF FF 00 00 00 00 00 00 00 00 00 00 00 00 00 18:46:57:994
00 FF FF 00 05 21 00 08 02 00 05 02 00 1C 00 1D 00 00 00 00 00 00 00 29 32 00 FF FF 00 00 00 00 00 00 00 00 00 00 00 00 00 18:46:57:996
00 FF FF 00 05 21 00 08 01 00 05 02 00 1E 00 1F 00 00 00 B7 1B 00 00 29 3D 00 FF FF 00 00 00 00 00 00 00 00 00 00 00 00 00 18:46:57:997
00 FF FF 00 06 21 00 08 04 00 06 02 00 18 00 19 00 00 00 00 01 00 00 29 18 00 FF FF 00 00 00 00 00 00 00 00 00 00 00 00 00 18:46:58:009
00 FF FF 00 06 21 00 08 03 00 06 02 00 1A 00 1B 00 00 00 00 32 00 00 29 59 00 FF FF 00 00 00 00 00 00 00 00 00 00 00 00 00 18:46:58:054
00 FF FF 00 06 21 00 08 02 00 06 02 00 1C 00 1D 00 00 00 02 71 00 00 29 65 00 FF FF 00 00 00 00 00 00 00 00 00 00 00 00 00 18:46:58:056
00 FF FF 00 06 21 00 08 01 00 06 02 00 1E 00 1F 00 00 00 00 00 00 00 29 71 00 FF FF 00 00 00 00 00 00 00 00 00 00 00 00 00 18:46:58:057
00 FF FF 00 07 21 00 08 04 00 07 02 00 18 00 19 00 00 00 00 03 00 00 29 15 00 FF FF 00 00 00 00 00 00 00 00 00 00 00 00 00 18:46:58:069
00 FF FF 00 07 21 00 08 03 00 07 02 00 1A 00 1B 00 00 00 00 19 00 00 29 9D 00 FF FF 00 00 00 00 00 00 00 00 00 00 00 00 00 18:46:58:085
00 FF FF 00 09 21 00 08 02 00 09 02 00 1C 00 1D 00 00 00 07 53 00 00 29 B0 00 FF FF 00 00 00 00 00 00 00 00 00 00 00 00 00 18:46:58:114
00 FF FF 00 07 21 00 08 02 00 07 02 00 1C 00 1D 00 00 00 09 C4 00 00 29 A8 00 FF FF 00 00 00 00 00 00 00 00 00 00 00 00 00 18:46:58:116
00 FF FF 00 09 21 00 08 01 00 09 02 00 1E 00 1F 00 00 00 7A 12 00 00 29 BC 00 FF FF 00 00 00 00 00 00 00 00 00 00 00 00 00 18:46:58:117
00 FF FF 00 07 21 00 08 01 00 07 02 00 1E 00 1F 00 00 00 7A 12 00 00 29 BA 00 FF FF 00 00 00 00 00 00 00 00 00 00 00 00 00 18:46:58:129
00 FF FF 00 08 21 00 08 04 00 08 02 00 18 00 19 00 00 00 00 00 00 00 29 00 00 FF FF 00 00 00 00 00 00 00 00 00 00 00 00 00 18:46:58:173
00 FF FF 00 08 21 00 08 03 00 08 02 00 1A 00 1B 00 00 00 00 32 00 00 29 DD 00 FF FF 00 00 00 00 00 00 00 00 00 00 00 00 00 18:46:58:175
00 FF FF 00 08 21 00 08 02 00 08 02 00 1C 00 1D 00 00 00 02 71 00 00 29 E9 00 FF FF 00 00 00 00 00 00 00 00 00 00 00 00 00 18:46:58:177
00 FF FF 00 08 21 00 08 01 00 08 02 00 1E 00 1F 00 00 00 F4 24 00 00 29 F4 00 FF FF 00 00 00 00 00 00 00 00 00 00 00 00 00 18:46:58:178
00 FF FF 00 03 21 00 08 08 00 03 01 00 18 00 18 00 00 00 00 00 00 00 15 2A 00 FF FF 00 00 00 00 00 00 00 00 00 00 00 00 00 18:46:58:204
00 FF FF 00 0A 21 00 08 06 00 0A 01 00 1A 00 1A 00 00 00 00 00 00 00 2A 16 00 FF FF 00 00 00 00 00 00 00 00 00 00 00 00 00 18:46:58:278
00 FF FF 00 03 21 00 08 06 00 03 01 00 1A 00 1A 00 00 00 00 00 00 00 16 3C 00 FF FF 00 00 00 00 00 00 00 00 00 00 00 00 00 18:46:58:279
00 FF FF 00 0A 21 00 08 05 00 0A 01 00 1B 00 1B 00 00 00 00 00 00 00 2A 22 00 FF FF 00 00 00 00 00 00 00 00 00 00 00 00 00 18:46:58:280
00 FF FF 00 0A 21 00 08 04 00 0A 01 00 1C 00 1C 00 00 00 00 00 00 00 2A 30 00 FF FF 00 00 00 00 00 00 00 00 00 00 00 00 00 18:46:58:281
00 FF FF 00 0A 21 00 08 03 00 0A 01 00 1D 00 1D 00 00 00 00 00 00 00 2A 3C 00 FF FF 00 00 00 00 00 00 00 00 00 00 00 00 00 18:46:58:282
00 FF FF 00 0A 21 00 08 02 00 0A 01 00 1E 00 1E 00 00 00 00 00 00 00 2A 47 00 FF FF 00 00 00 00 00 00 00 00 00 00 00 00 00 18:46:58:283
00 FF FF 00 0A 21 00 08 01 00 0A 01 00 1F 00 1F 00 00 00 00 00 00 00 2A 53 00 FF FF 00 00 00 00 00 00 00 00 00 00 00 00 00 18:46:58:286
00 FF FF 00 03 21 00 08 05 00 03 01 00 1B 00 1B 00 00 00 00 00 00 00 16 4D 00 FF FF 00 00 00 00 00 00 00 00 00 00 00 00 00 18:46:58:302
00 FF FF 00 03 21 00 08 04 00 03 01 00 1C 00 1C 00 00 00 00 00 00 00 16 95 00 FF FF 00 00 00 00 00 00 00 00 00 00 00 00 00 18:46:58:347
00 FF FF 00 03 21 00 08 03 00 03 01 00 1D 00 1D 00 00 00 00 00 00 00 16 A1 00 FF FF 00 00 00 00 00 00 00 00 00 00 00 00 00 18:46:58:348
00 FF FF 00 03 21 00 08 02 00 03 01 00 1E 00 1E 00 00 00 00 00 00 00 16 AC 00 FF FF 00 00 00 00 00 00 00 00 00 00 00 00 00 18:46:58:349
00 FF FF 00 03 21 00 08 01 00 03 01 00 1F 00 1F 00 00 00 00 00 00 00 16 B8 00 FF FF 00 00 00 00 00 00 00 00 00 00 00 00 00 18:46:58:350
00 FF FF 00 02 21 00 08 04 00 02 02 00 18 00 19 00 00 00 00 01 00 00 15 1B 00 FF FF 00 00 00 00 00 00 00 00 00 00 00 00 00 18:46:58:360
00 FF FF 00 02 21 00 08 03 00 02 02 00 1A 00 1B 00 00 00 00 4B 00 00 16 D6 00 FF FF 00 00 00 00 00 00 00 00 00 00 00 00 00 18:46:58:406
00 FF FF 00 02 21 00 08 02 00 02 02 00 1C 00 1D 00 00 00 02 71 00 00 16 E1 00 FF FF 00 00 00 00 00 00 00 00 00 00 00 00 00 18:46:58:407
00 FF FF 00 02 21 00 08 01 00 02 02 00 1E 00 1F 00 00 00 B7 1B 00 00 16 ED 00 FF FF 00 00 00 00 00 00 00 00 00 00 00 00 00 18:46:58:408
00 FF FF 00 04 21 00 08 04 00 04 02 00 18 00 19 00 00 00 00 04 00 00 29 23 00 FF FF 00 00 00 00 00 00 00 00 00 00 00 00 00 18:46:58:420
00 FF FF 00 04 21 00 08 03 00 04 02 00 1A 00 1B 00 00 00 00 4B 00 00 2A F6 00 FF FF 00 00 00 00 00 00 00 00 00 00 00 00 00 18:46:58:466
00 FF FF 00 04 21 00 08 02 00 04 02 00 1C 00 1D 00 00 00 00 00 00 00 2B 02 00 FF FF 00 00 00 00 00 00 00 00 00 00 00 00 00 18:46:58:467
00 FF FF 00 04 21 00 08 01 00 04 02 00 1E 00 1F 00 00 00 3D 09 00 00 2B 0E 00 FF FF 00 00 00 00 00 00 00 00 00 00 00 00 00 18:46:58:468
00 FF FF 00 05 21 00 08 00 00 05 06 00 00 00 00 08 00 00 00 00 00 00 2B 81 00 FF FF 00 00 00 00 00 00 00 00 00 00 00 00 00 18:46:58:560
00 FF FF 00 06 21 00 08 00 00 06 06 00 00 00 00 08 00 00 00 00 00 00 2B AB 00 FF FF 00 00 00 00 00 00 00 00 00 00 00 00 00 18:46:58:624
00 FF FF 00 08 21 00 08 00 00 08 06 00 00 00 00 08 00 00 00 00 00 00 2B 89 00 FF FF 00 00 00 00 00 00 00 00 00 00 00 00 00 18:46:58:640
00 FF FF 00 03 21 00 08 00 00 03 06 00 00 00 00 08 00 00 00 00 00 00 17 9B 00 FF FF 00 00 00 00 00 00 00 00 00 00 00 00 00 18:46:58:687
00 FF FF 00 0A 21 00 08 00 00 0A 06 00 00 00 00 08 00 00 00 00 00 00 2B 78 00 FF FF 00 00 00 00 00 00 00 00 00 00 00 00 00 18:46:58:720
00 FF FF 00 02 21 00 08 00 00 02 06 00 00 00 00 08 00 00 00 00 00 00 17 B6 00 FF FF 00 00 00 00 00 00 00 00 00 00 00 00 00 18:46:58:736
00 FF FF 00 04 21 00 08 00 00 04 06 00 00 00 00 08 00 00 00 00 00 00 2B 85 00 FF FF 00 00 00 00 00 00 00 00 00 00 00 00 00 18:46:58:784
