00 FF FF 00 07 20 00 08 01 00 00 00 00 00 00 00 00 01 00 00 75 33 00 00 07 00 00 00 00 00 00 00 00 00 00 00 00 00 00 00 16:01:08:409
00 FF FF 00 07 20 00 08 01 00 01 00 01 00 00 00 00 05 00 00 75 3A 00 00 07 00 00 00 00 00 00 00 00 00 00 00 00 00 00 00 16:01:08:410
00 FF FF 00 07 20 00 08 01 00 02 00 02 00 00 00 00 19 00 00 75 47 00 00 07 00 00 00 00 00 00 00 00 00 00 00 00 00 00 00 16:01:08:411
00 FF FF 00 07 20 00 08 01 00 03 00 03 00 00 00 00 7D 00 00 75 53 00 00 07 00 00 00 00 00 00 00 00 00 00 00 00 00 00 00 16:01:08:422
00 FF FF 00 07 20 00 08 01 00 04 00 04 00 00 00 02 71 00 00 75 5F 00 00 07 00 00 00 00 00 00 00 00 00 00 00 00 00 00 00 16:01:08:467
00 FF FF 00 07 20 00 08 01 00 05 00 05 00 00 00 0C 35 00 00 75 6C 00 00 07 00 00 00 00 00 00 00 00 00 00 00 00 00 00 00 16:01:08:469
00 FF FF 00 07 20 00 08 01 00 06 00 06 00 00 00 3D 09 00 00 75 78 00 00 07 00 00 00 00 00 00 00 00 00 00 00 00 00 00 00 16:01:08:471
00 FF FF 00 07 20 00 08 01 00 07 00 07 00 00 01 31 2D 00 00 75 85 00 00 07 00 00 00 00 00 00 00 00 00 00 00 00 00 00 00 16:01:08:472
00 FF FF 00 00 20 00 08 02 00 00 00 01 00 00 00 00 01 00 00 35 24 00 00 00 FF FF 00 00 00 00 00 00 00 00 00 00 00 00 00 16:01:08:577
00 FF FF 00 03 20 00 08 02 00 00 00 01 00 00 00 00 03 00 00 35 31 00 00 03 FF FF 00 00 00 00 00 00 00 00 00 00 00 00 00 16:01:08:579
00 FF FF 00 00 20 00 08 02 00 02 00 03 00 00 00 00 4B 00 00 35 24 00 00 00 FF FF 00 00 00 00 00 00 00 00 00 00 00 00 00 16:01:08:580
00 FF FF 00 03 20 00 08 02 00 02 00 03 00 00 00 00 19 00 00 35 31 00 00 03 FF FF 00 00 00 00 00 00 00 00 00 00 00 00 00 16:01:08:609
00 FF FF 00 02 20 00 08 02 00 00 00 01 00 00 00 00 03 00 00 35 29 00 00 02 FF FF 00 00 00 00 00 00 00 00 00 00 00 00 00 16:01:08:611
00 FF FF 00 00 20 00 08 02 00 04 00 05 00 00 00 02 71 00 00 35 24 00 00 00 FF FF 00 00 00 00 00 00 00 00 00 00 00 00 00 16:01:08:624
00 FF FF 00 06 20 00 08 02 00 02 00 03 00 00 00 00 19 00 00 35 0D 00 00 06 FF FF 00 00 00 00 00 00 00 00 00 00 00 00 00 16:01:08:625
00 FF FF 00 04 20 00 08 02 00 00 00 01 00 00 00 00 01 00 00 35 67 00 00 04 FF FF 00 00 00 00 00 00 00 00 00 00 00 00 00 16:01:08:640
00 FF FF 00 03 20 00 08 02 00 04 00 05 00 00 00 00 00 00 00 35 31 00 00 03 FF FF 00 00 00 00 00 00 00 00 00 00 00 00 00 16:01:08:714
00 FF FF 00 05 20 00 08 02 00 00 00 01 00 00 00 00 01 00 00 35 18 00 00 05 FF FF 00 00 00 00 00 00 00 00 00 00 00 00 00 16:01:08:716
00 FF FF 00 00 20 00 08 02 00 06 00 07 00 00 00 B7 1B 00 00 35 24 00 00 00 FF FF 00 00 00 00 00 00 00 00 00 00 00 00 00 16:01:08:718
00 FF FF 00 04 20 00 08 02 00 02 00 03 00 00 00 00 32 00 00 35 67 00 00 04 FF FF 00 00 00 00 00 00 00 00 00 00 00 00 00 16:01:08:720
00 FF FF 00 06 20 00 08 02 00 04 00 05 00 00 00 00 00 00 00 35 0D 00 00 06 FF FF 00 00 00 00 00 00 00 00 00 00 00 00 00 16:01:08:722
00 FF FF 00 03 20 00 08 02 00 06 00 07 00 00 00 3D 09 00 00 35 31 00 00 03 FF FF 00 00 00 00 00 00 00 00 00 00 00 00 00 16:01:08:724
00 FF FF 00 02 20 00 08 02 00 04 00 05 00 00 00 07 53 00 00 35 29 00 00 02 FF FF 00 00 00 00 00 00 00 00 00 00 00 00 00 16:01:08:726
00 FF FF 00 05 20 00 08 02 00 02 00 03 00 00 00 00 32 00 00 35 18 00 00 05 FF FF 00 00 00 00 00 00 00 00 00 00 00 00 00 16:01:08:728
00 FF FF 00 04 20 00 08 02 00 04 00 05 00 00 00 02 71 00 00 35 67 00 00 04 FF FF 00 00 00 00 00 00 00 00 00 00 00 00 00 16:01:08:730
00 FF FF 00 06 20 00 08 02 00 06 00 07 00 00 00 3D 09 00 00 35 0D 00 00 06 FF FF 00 00 00 00 00 00 00 00 00 00 00 00 00 16:01:08:731
00 FF FF 00 01 20 00 08 02 00 04 00 05 00 00 00 00 00 00 00 35 1D 00 00 01 FF FF 00 00 00 00 00 00 00 00 00 00 00 00 00 16:01:08:733
00 FF FF 00 05 20 00 08 02 00 04 00 05 00 00 00 07 53 00 00 35 18 00 00 05 FF FF 00 00 00 00 00 00 00 00 00 00 00 00 00 16:01:08:738
00 FF FF 00 01 20 00 08 02 00 06 00 07 00 00 00 3D 09 00 00 35 1D 00 00 01 FF FF 00 00 00 00 00 00 00 00 00 00 00 00 00 16:01:08:739
00 FF FF 00 07 20 00 08 01 00 08 00 08 00 00 00 00 01 00 00 76 C0 00 00 07 00 00 00 00 00 00 00 00 00 00 00 00 00 00 00 16:01:08:769
00 FF FF 00 07 20 00 08 01 00 09 00 09 00 00 00 00 05 00 00 76 C7 00 00 07 00 00 00 00 00 00 00 00 00 00 00 00 00 00 00 16:01:08:785
00 FF FF 00 07 20 00 08 01 00 0A 00 0A 00 00 00 00 19 00 00 76 D3 00 00 07 00 00 00 00 00 00 00 00 00 00 00 00 00 00 00 16:01:08:830
00 FF FF 00 07 20 00 08 01 00 0B 00 0B 00 00 00 00 7D 00 00 76 DF 00 00 07 00 00 00 00 00 00 00 00 00 00 00 00 00 00 00 16:01:08:832
00 FF FF 00 07 20 00 08 01 00 0C 00 0C 00 00 00 02 71 00 00 76 EC 00 00 07 00 00 00 00 00 00 00 00 00 00 00 00 00 00 00 16:01:08:833
00 FF FF 00 07 20 00 08 01 00 0D 00 0D 00 00 00 0C 35 00 00 76 F8 00 00 07 00 00 00 00 00 00 00 00 00 00 00 00 00 00 00 16:01:08:835
00 FF FF 00 06 20 00 08 01 00 08 00 08 01 00 00 00 00 00 00 35 0D 7F 00 06 00 07 00 00 00 00 00 00 00 00 00 00 00 00 00 16:01:08:868
00 FF FF 00 07 20 00 08 01 00 0E 00 0E 00 00 00 3D 09 00 00 77 05 00 00 07 00 00 00 00 00 00 00 00 00 00 00 00 00 00 00 16:01:08:871
00 FF FF 00 07 20 00 08 01 00 0F 00 0F 00 00 01 31 2D 00 00 77 14 00 00 07 00 00 00 00 00 00 00 00 00 00 00 00 00 00 00 16:01:08:872
00 FF FF 00 00 20 00 08 01 00 08 00 08 01 00 00 00 00 00 00 35 24 80 00 00 00 07 00 00 00 00 00 00 00 00 00 00 00 00 00 16:01:09:044
00 FF FF 00 01 20 00 08 01 00 08 00 08 01 00 00 00 00 00 00 35 1D 80 00 01 00 07 00 00 00 00 00 00 00 00 00 00 00 00 00 16:01:09:046
00 FF FF 00 04 20 00 08 01 00 08 00 08 01 00 00 00 00 00 00 35 67 80 00 04 00 07 00 00 00 00 00 00 00 00 00 00 00 00 00 16:01:09:048
00 FF FF 00 07 20 00 08 01 00 0F 00 0F 02 00 00 00 00 00 00 77 14 01 00 07 FF FF 00 00 00 00 00 00 00 00 00 00 00 00 00 16:01:09:053
00 FF FF 00 07 20 00 08 01 00 10 00 10 00 00 00 00 01 00 00 77 F7 00 00 07 FF FF 00 00 00 00 00 00 00 00 00 00 00 00 00 16:01:09:084
00 FF FF 00 07 20 00 08 01 00 11 00 11 00 00 00 00 05 00 00 77 FE 00 00 07 FF FF 00 00 00 00 00 00 00 00 00 00 00 00 00 16:01:09:086
00 FF FF 00 07 20 00 08 01 00 12 00 12 00 00 00 00 19 00 00 78 0A 00 00 07 FF FF 00 00 00 00 00 00 00 00 00 00 00 00 00 16:01:09:100
00 FF FF 00 00 20 00 08 02 00 08 00 09 00 00 00 00 02 00 00 37 5A 00 00 00 FF FF 00 00 00 00 00 00 00 00 00 00 00 00 00 16:01:09:156
00 FF FF 00 07 20 00 08 01 00 13 00 13 00 00 00 00 7D 00 00 78 17 00 00 07 FF FF 00 00 00 00 00 00 00 00 00 00 00 00 00 16:01:09:158
00 FF FF 00 00 20 00 08 02 00 0A 00 0B 00 00 00 00 4B 00 00 37 5A 00 00 00 FF FF 00 00 00 00 00 00 00 00 00 00 00 00 00 16:01:09:160
00 FF FF 00 00 20 00 08 02 00 0C 00 0D 00 00 00 07 53 00 00 37 5A 00 00 00 FF FF 00 00 00 00 00 00 00 00 00 00 00 00 00 16:01:09:162
00 FF FF 00 07 20 00 08 01 00 15 00 15 00 00 00 0C 35 00 00 78 37 00 00 07 FF FF 00 00 00 00 00 00 00 00 00 00 00 00 00 16:01:09:164
00 FF FF 00 03 20 00 08 02 00 0A 00 0B 00 00 00 00 00 00 00 37 67 00 00 03 FF FF 00 00 00 00 00 00 00 00 00 00 00 00 00 16:01:09:172
00 FF FF 00 04 20 00 08 02 00 08 00 09 00 00 00 00 02 00 00 37 9D 00 00 04 FF FF 00 00 00 00 00 00 00 00 00 00 00 00 00 16:01:09:221
00 FF FF 00 07 20 00 08 01 00 16 00 16 00 00 00 3D 09 00 00 78 46 00 00 07 FF FF 00 00 00 00 00 00 00 00 00 00 00 00 00 16:01:09:223
00 FF FF 00 03 20 00 08 02 00 0C 00 0D 00 00 00 00 00 00 00 37 67 00 00 03 FF FF 00 00 00 00 00 00 00 00 00 00 00 00 00 16:01:09:225
00 FF FF 00 05 20 00 08 02 00 0C 00 0D 00 00 00 07 53 00 00 37 4E 00 00 05 FF FF 00 00 00 00 00 00 00 00 00 00 00 00 00 16:01:09:227
00 FF FF 00 01 20 00 08 02 00 0A 00 0B 00 00 00 00 19 00 00 37 54 00 00 01 FF FF 00 00 00 00 00 00 00 00 00 00 00 00 00 16:01:09:301
00 FF FF 00 04 20 00 08 02 00 0A 00 0B 00 00 00 00 00 00 00 37 9D 00 00 04 FF FF 00 00 00 00 00 00 00 00 00 00 00 00 00 16:01:09:303
00 FF FF 00 02 20 00 08 02 00 08 00 09 00 00 00 00 04 00 00 37 5F 00 00 02 FF FF 00 00 00 00 00 00 00 00 00 00 00 00 00 16:01:09:305
00 FF FF 00 05 20 00 08 02 00 0E 00 0F 00 00 00 3D 09 00 00 37 4E 00 00 05 FF FF 00 00 00 00 00 00 00 00 00 00 00 00 00 16:01:09:307
00 FF FF 00 04 20 00 08 02 00 0C 00 0D 00 00 00 07 53 00 00 37 9D 00 00 04 FF FF 00 00 00 00 00 00 00 00 00 00 00 00 00 16:01:09:309
00 FF FF 00 01 20 00 08 02 00 0C 00 0D 00 00 00 07 53 00 00 37 54 00 00 01 FF FF 00 00 00 00 00 00 00 00 00 00 00 00 00 16:01:09:316
00 FF FF 00 02 20 00 08 02 00 0A 00 0B 00 00 00 00 64 00 00 37 5F 00 00 02 FF FF 00 00 00 00 00 00 00 00 00 00 00 00 00 16:01:09:318
00 FF FF 00 04 20 00 08 02 00 0E 00 0F 00 00 00 F4 24 00 00 37 9D 00 00 04 FF FF 00 00 00 00 00 00 00 00 00 00 00 00 00 16:01:09:319
00 FF FF 00 02 20 00 08 02 00 0C 00 0D 00 00 00 04 E2 00 00 37 5F 00 00 02 FF FF 00 00 00 00 00 00 00 00 00 00 00 00 00 16:01:09:320
00 FF FF 00 01 20 00 08 02 00 0E 00 0F 00 00 00 F4 24 00 00 37 54 00 00 01 FF FF 00 00 00 00 00 00 00 00 00 00 00 00 00 16:01:09:321
00 FF FF 00 02 20 00 08 02 00 0E 00 0F 00 00 00 00 00 00 00 37 5F 00 00 02 FF FF 00 00 00 00 00 00 00 00 00 00 00 00 00 16:01:09:322
00 FF FF 00 05 20 00 08 01 00 10 00 10 01 00 00 00 00 00 00 37 4E F8 00 05 00 07 00 00 00 00 00 00 00 00 00 00 00 00 00 16:01:09:349
00 FF FF 00 07 20 00 08 01 00 13 00 13 02 00 00 00 00 00 00 78 56 1F 00 07 FF FF 00 00 00 00 00 00 00 00 00 00 00 00 00 16:01:09:351
00 FF FF 00 07 20 00 08 01 00 14 00 14 02 00 00 00 00 00 00 78 56 0F 00 07 FF FF 00 00 00 00 00 00 00 00 00 00 00 00 00 16:01:09:353
00 FF FF 00 07 20 00 08 01 00 15 00 15 02 00 00 00 00 00 00 78 56 07 00 07 FF FF 00 00 00 00 00 00 00 00 00 00 00 00 00 16:01:09:354
00 FF FF 00 07 20 00 08 01 00 16 00 16 02 00 00 00 00 00 00 78 56 03 00 07 FF FF 00 00 00 00 00 00 00 00 00 00 00 00 00 16:01:09:355
00 FF FF 00 07 20 00 08 01 00 17 00 17 02 00 00 00 00 00 00 78 56 01 00 07 FF FF 00 00 00 00 00 00 00 00 00 00 00 00 00 16:01:09:356
00 FF FF 00 05 20 00 08 01 00 10 00 10 00 00 00 00 00 00 00 38 7A 00 00 05 FF FF 00 00 00 00 00 00 00 00 00 00 00 00 00 16:01:09:394
00 FF FF 00 05 20 00 08 01 00 11 00 11 00 00 00 00 00 00 00 38 7A 00 00 05 FF FF 00 00 00 00 00 00 00 00 00 00 00 00 00 16:01:09:501
00 FF FF 00 05 20 00 08 01 00 12 00 12 00 00 00 00 00 00 00 38 7A 00 00 05 FF FF 00 00 00 00 00 00 00 00 00 00 00 00 00 16:01:09:502
00 FF FF 00 03 20 00 08 01 00 10 00 10 00 00 00 00 00 00 00 38 92 00 00 03 FF FF 00 00 00 00 00 00 00 00 00 00 00 00 00 16:01:09:513
00 FF FF 00 05 20 00 08 01 00 13 00 13 00 00 00 00 00 00 00 38 7A 00 00 05 FF FF 00 00 00 00 00 00 00 00 00 00 00 00 00 16:01:09:515
00 FF FF 00 03 20 00 08 01 00 11 00 11 00 00 00 00 00 00 00 38 92 00 00 03 FF FF 00 00 00 00 00 00 00 00 00 00 00 00 00 16:01:09:516
00 FF FF 00 05 20 00 08 01 00 14 00 14 00 00 00 00 00 00 00 38 7A 00 00 05 FF FF 00 00 00 00 00 00 00 00 00 00 00 00 00 16:01:09:517
00 FF FF 00 03 20 00 08 01 00 12 00 12 00 00 00 00 00 00 00 38 92 00 00 03 FF FF 00 00 00 00 00 00 00 00 00 00 00 00 00 16:01:09:518
00 FF FF 00 05 20 00 08 01 00 15 00 15 00 00 00 00 00 00 00 38 7A 00 00 05 FF FF 00 00 00 00 00 00 00 00 00 00 00 00 00 16:01:09:519
00 FF FF 00 03 20 00 08 01 00 13 00 13 00 00 00 00 00 00 00 38 92 00 00 03 FF FF 00 00 00 00 00 00 00 00 00 00 00 00 00 16:01:09:520
00 FF FF 00 05 20 00 08 01 00 16 00 16 00 00 00 00 00 00 00 38 7A 00 00 05 FF FF 00 00 00 00 00 00 00 00 00 00 00 00 00 16:01:09:521
00 FF FF 00 03 20 00 08 01 00 14 00 14 00 00 00 00 00 00 00 38 92 00 00 03 FF FF 00 00 00 00 00 00 00 00 00 00 00 00 00 16:01:09:534
00 FF FF 00 05 20 00 08 01 00 17 00 17 00 00 00 00 00 00 00 38 7A 00 00 05 FF FF 00 00 00 00 00 00 00 00 00 00 00 00 00 16:01:09:536
00 FF FF 00 03 20 00 08 01 00 15 00 15 00 00 00 00 00 00 00 38 92 00 00 03 FF FF 00 00 00 00 00 00 00 00 00 00 00 00 00 16:01:09:542
00 FF FF 00 03 20 00 08 01 00 16 00 16 00 00 00 00 00 00 00 38 92 00 00 03 FF FF 00 00 00 00 00 00 00 00 00 00 00 00 00 16:01:09:543
00 FF FF 00 03 20 00 08 01 00 17 00 17 00 00 00 00 00 00 00 38 92 00 00 03 FF FF 00 00 00 00 00 00 00 00 00 00 00 00 00 16:01:09:544
00 FF FF 00 00 20 00 08 02 00 10 00 11 00 00 00 00 03 00 00 39 24 00 00 00 FF FF 00 00 00 00 00 00 00 00 00 00 00 00 00 16:01:09:632
00 FF FF 00 00 20 00 08 02 00 12 00 13 00 00 00 00 64 00 00 39 24 00 00 00 FF FF 00 00 00 00 00 00 00 00 00 00 00 00 00 16:01:09:634
00 FF FF 00 00 20 00 08 02 00 14 00 15 00 00 00 02 71 00 00 39 24 00 00 00 FF FF 00 00 00 00 00 00 00 00 00 00 00 00 00 16:01:09:635
00 FF FF 00 00 20 00 08 02 00 16 00 17 00 00 00 B7 1B 00 00 39 24 00 00 00 FF FF 00 00 00 00 00 00 00 00 00 00 00 00 00 16:01:09:637
00 FF FF 00 03 20 00 08 01 00 18 00 18 01 00 00 00 00 00 00 38 92 00 00 03 00 07 00 00 00 00 00 00 00 00 00 00 00 00 00 16:01:09:700
00 FF FF 00 05 20 00 08 01 00 18 00 18 01 00 00 00 00 00 00 38 7A 00 00 05 00 07 00 00 00 00 00 00 00 00 00 00 00 00 00 16:01:09:701
00 FF FF 00 00 20 00 08 01 00 18 00 18 01 00 00 00 00 00 00 39 24 00 00 00 00 05 00 00 00 00 00 00 00 00 00 00 00 00 00 16:01:09:873
00 FF FF 00 02 20 00 08 01 00 10 00 10 01 00 00 00 00 00 00 37 5F C0 00 02 00 00 00 00 00 00 00 00 00 00 00 00 00 00 00 16:01:09:890
00 FF FF 00 03 20 00 08 01 00 16 00 16 02 00 00 00 00 00 00 38 92 03 00 03 FF FF 00 00 00 00 00 00 00 00 00 00 00 00 00 16:01:09:922
00 FF FF 00 03 20 00 08 01 00 17 00 17 02 00 00 00 00 00 00 38 92 01 00 03 FF FF 00 00 00 00 00 00 00 00 00 00 00 00 00 16:01:09:969
00 FF FF 00 07 20 00 08 01 00 16 00 16 02 00 00 00 00 00 00 78 56 03 00 07 FF FF 00 00 00 00 00 00 00 00 00 00 00 00 00 16:01:09:970
00 FF FF 00 07 20 00 08 01 00 17 00 17 02 00 00 00 00 00 00 78 56 01 00 07 FF FF 00 00 00 00 00 00 00 00 00 00 00 00 00 16:01:09:971
00 FF FF 00 04 20 00 08 02 00 10 00 11 00 00 00 00 01 00 00 3B 32 00 00 04 FF FF 00 00 00 00 00 00 00 00 00 00 00 00 00 16:01:09:999
00 FF FF 00 04 20 00 08 02 00 12 00 13 00 00 00 00 4B 00 00 3B 32 00 00 04 FF FF 00 00 00 00 00 00 00 00 00 00 00 00 00 16:01:10:015
00 FF FF 00 04 20 00 08 02 00 14 00 15 00 00 00 02 71 00 00 3B 32 00 00 04 FF FF 00 00 00 00 00 00 00 00 00 00 00 00 00 16:01:10:031
00 FF FF 00 04 20 00 08 02 00 16 00 17 00 00 00 7A 12 00 00 3B 32 00 00 04 FF FF 00 00 00 00 00 00 00 00 00 00 00 00 00 16:01:10:120
00 FF FF 00 01 20 00 08 02 00 10 00 11 00 00 00 00 02 00 00 3A E9 00 00 01 FF FF 00 00 00 00 00 00 00 00 00 00 00 00 00 16:01:10:122
00 FF FF 00 01 20 00 08 02 00 12 00 13 00 00 00 00 32 00 00 3A E9 00 00 01 FF FF 00 00 00 00 00 00 00 00 00 00 00 00 00 16:01:10:125
00 FF FF 00 02 20 00 08 02 00 10 00 11 00 00 00 00 01 00 00 3A F5 00 00 02 FF FF 00 00 00 00 00 00 00 00 00 00 00 00 00 16:01:10:127
00 FF FF 00 01 20 00 08 02 00 14 00 15 00 00 00 07 53 00 00 3A E9 00 00 01 FF FF 00 00 00 00 00 00 00 00 00 00 00 00 00 16:01:10:128
00 FF FF 00 02 20 00 08 02 00 12 00 13 00 00 00 00 00 00 00 3A F5 00 00 02 FF FF 00 00 00 00 00 00 00 00 00 00 00 00 00 16:01:10:130
00 FF FF 00 01 20 00 08 02 00 16 00 17 00 00 00 B7 1B 00 00 3A E9 00 00 01 FF FF 00 00 00 00 00 00 00 00 00 00 00 00 00 16:01:10:132
00 FF FF 00 02 20 00 08 02 00 14 00 15 00 00 00 09 C4 00 00 3A F5 00 00 02 FF FF 00 00 00 00 00 00 00 00 00 00 00 00 00 16:01:10:142
00 FF FF 00 02 20 00 08 02 00 16 00 17 00 00 00 F4 24 00 00 3A F5 00 00 02 FF FF 00 00 00 00 00 00 00 00 00 00 00 00 00 16:01:10:150
00 FF FF 00 05 20 00 08 01 00 18 00 18 01 00 00 00 00 00 00 38 7A 00 00 05 FF FF 00 00 00 00 00 00 00 00 00 00 00 00 00 16:01:10:151
00 FF FF 00 06 20 00 08 01 00 08 00 08 01 00 00 00 00 00 00 35 0D 0A 00 06 00 02 00 00 00 00 00 00 00 00 00 00 00 00 00 16:01:10:249
00 FF FF 00 01 20 00 08 01 00 09 00 09 02 00 00 00 00 00 00 3A E9 05 00 01 FF FF 00 00 00 00 00 00 00 00 00 00 00 00 00 16:01:10:318
00 FF FF 00 04 20 00 08 01 00 18 00 18 01 00 00 00 00 00 00 3B 32 00 00 04 00 03 00 00 00 00 00 00 00 00 00 00 00 00 00 16:01:10:320
00 FF FF 00 00 20 00 08 01 00 09 00 09 02 00 00 00 00 00 00 39 24 05 00 00 FF FF 00 00 00 00 00 00 00 00 00 00 00 00 00 16:01:10:322
00 FF FF 00 01 20 00 08 01 00 0B 00 0B 02 00 00 00 00 00 00 3A E9 01 00 01 FF FF 00 00 00 00 00 00 00 00 00 00 00 00 00 16:01:10:324
00 FF FF 00 07 20 00 08 01 00 09 00 09 02 00 00 00 00 00 00 78 56 05 00 07 FF FF 00 00 00 00 00 00 00 00 00 00 00 00 00 16:01:10:326
00 FF FF 00 00 20 00 08 01 00 0B 00 0B 02 00 00 00 00 00 00 39 24 01 00 00 FF FF 00 00 00 00 00 00 00 00 00 00 00 00 00 16:01:10:328
00 FF FF 00 01 20 00 08 01 00 18 00 18 01 00 00 00 00 00 00 3A E9 00 00 01 00 03 00 00 00 00 00 00 00 00 00 00 00 00 00 16:01:10:330
00 FF FF 00 07 20 00 08 01 00 0B 00 0B 02 00 00 00 00 00 00 78 56 01 00 07 FF FF 00 00 00 00 00 00 00 00 00 00 00 00 00 16:01:10:331
00 FF FF 00 02 20 00 08 01 00 18 00 18 01 00 00 00 00 00 00 3A F5 00 00 02 00 03 00 00 00 00 00 00 00 00 00 00 00 00 00 16:01:10:429
00 FF FF 00 06 20 00 08 01 00 08 00 08 01 00 00 00 00 00 00 35 0D 08 00 06 00 00 00 00 00 00 00 00 00 00 00 00 00 00 00 16:01:10:494
00 FF FF 00 00 20 00 08 01 00 0B 00 0B 02 00 00 00 00 00 00 39 24 01 00 00 FF FF 00 00 00 00 00 00 00 00 00 00 00 00 00 16:01:10:547
00 FF FF 00 01 20 00 08 01 00 0B 00 0B 02 00 00 00 00 00 00 3A E9 01 00 01 FF FF 00 00 00 00 00 00 00 00 00 00 00 00 00 16:01:10:549
00 FF FF 00 07 20 00 08 01 00 0B 00 0B 02 00 00 00 00 00 00 78 56 01 00 07 FF FF 00 00 00 00 00 00 00 00 00 00 00 00 00 16:01:10:551
00 FF FF 00 07 20 00 08 01 00 18 00 18 00 00 00 00 01 00 00 7D E0 00 00 07 FF FF 00 00 00 00 00 00 00 00 00 00 00 00 00 16:01:10:562
00 FF FF 00 07 20 00 08 01 00 19 00 19 00 00 00 00 05 00 00 7D E7 00 00 07 FF FF 00 00 00 00 00 00 00 00 00 00 00 00 00 16:01:10:564
00 FF FF 00 07 20 00 08 01 00 1A 00 1A 00 00 00 00 19 00 00 7D F4 00 00 07 FF FF 00 00 00 00 00 00 00 00 00 00 00 00 00 16:01:10:579
00 FF FF 00 07 20 00 08 01 00 1B 00 1B 00 00 00 00 7D 00 00 7E 01 00 00 07 FF FF 00 00 00 00 00 00 00 00 00 00 00 00 00 16:01:10:623
00 FF FF 00 07 20 00 08 01 00 1C 00 1C 00 00 00 02 71 00 00 7E 0D 00 00 07 FF FF 00 00 00 00 00 00 00 00 00 00 00 00 00 16:01:10:625
00 FF FF 00 07 20 00 08 01 00 1D 00 1D 00 00 00 0C 35 00 00 7E 19 00 00 07 FF FF 00 00 00 00 00 00 00 00 00 00 00 00 00 16:01:10:626
00 FF FF 00 07 20 00 08 01 00 1E 00 1E 00 00 00 3D 09 00 00 7E 25 00 00 07 FF FF 00 00 00 00 00 00 00 00 00 00 00 00 00 16:01:10:628
00 FF FF 00 07 20 00 08 01 00 1F 00 1F 00 00 01 31 2D 00 00 7E 32 00 00 07 FF FF 00 00 00 00 00 00 00 00 00 00 00 00 00 16:01:10:638
00 FF FF 00 06 20 00 08 02 00 08 00 09 00 00 00 00 02 00 00 3D 22 00 00 06 FF FF 00 00 00 00 00 00 00 00 00 00 00 00 00 16:01:10:715
00 FF FF 00 06 20 00 08 02 00 0A 00 0B 00 00 00 00 32 00 00 3D 22 00 00 06 FF FF 00 00 00 00 00 00 00 00 00 00 00 00 00 16:01:10:717
00 FF FF 00 06 20 00 08 02 00 0C 00 0D 00 00 00 04 E2 00 00 3D 22 00 00 06 FF FF 00 00 00 00 00 00 00 00 00 00 00 00 00 16:01:10:718
00 FF FF 00 04 20 00 08 01 00 18 00 18 00 00 00 00 00 00 00 3E 15 00 00 04 FF FF 00 00 00 00 00 00 00 00 00 00 00 00 00 16:01:10:756
00 FF FF 00 06 20 00 08 02 00 0E 00 0F 00 00 00 00 00 00 00 3D 22 00 00 06 FF FF 00 00 00 00 00 00 00 00 00 00 00 00 00 16:01:10:759
00 FF FF 00 04 20 00 08 01 00 19 00 19 00 00 00 00 00 00 00 3E 15 00 00 04 FF FF 00 00 00 00 00 00 00 00 00 00 00 00 00 16:01:10:760
00 FF FF 00 03 20 00 08 02 00 18 00 19 00 00 00 00 01 00 00 3D DF 00 00 03 FF FF 00 00 00 00 00 00 00 00 00 00 00 00 00 16:01:10:762
00 FF FF 00 02 20 00 08 01 00 18 00 18 00 00 00 00 00 00 00 3D D7 00 00 02 FF FF 00 00 00 00 00 00 00 00 00 00 00 00 00 16:01:10:773
00 FF FF 00 04 20 00 08 01 00 1A 00 1A 00 00 00 00 00 00 00 3E 15 00 00 04 FF FF 00 00 00 00 00 00 00 00 00 00 00 00 00 16:01:10:788
00 FF FF 00 00 20 00 08 01 00 18 00 18 00 00 00 00 00 00 00 3D D2 00 00 00 FF FF 00 00 00 00 00 00 00 00 00 00 00 00 00 16:01:10:804
00 FF FF 00 05 20 00 08 01 00 18 00 18 00 00 00 00 00 00 00 3D C7 00 00 05 FF FF 00 00 00 00 00 00 00 00 00 00 00 00 00 16:01:10:821
00 FF FF 00 01 20 00 08 01 00 18 00 18 00 00 00 00 00 00 00 3D CB 00 00 01 FF FF 00 00 00 00 00 00 00 00 00 00 00 00 00 16:01:10:836
00 FF FF 00 04 20 00 08 01 00 1B 00 1B 00 00 00 00 00 00 00 3E 15 00 00 04 FF FF 00 00 00 00 00 00 00 00 00 00 00 00 00 16:01:10:853
00 FF FF 00 00 20 00 08 01 00 19 00 19 00 00 00 00 00 00 00 3D D2 00 00 00 FF FF 00 00 00 00 00 00 00 00 00 00 00 00 00 16:01:10:854
00 FF FF 00 05 20 00 08 01 00 19 00 19 00 00 00 00 00 00 00 3D C7 00 00 05 FF FF 00 00 00 00 00 00 00 00 00 00 00 00 00 16:01:10:868
00 FF FF 00 01 20 00 08 01 00 19 00 19 00 00 00 00 00 00 00 3D CB 00 00 01 FF FF 00 00 00 00 00 00 00 00 00 00 00 00 00 16:01:10:885
00 FF FF 00 04 20 00 08 01 00 1C 00 1C 00 00 00 00 00 00 00 3E 15 00 00 04 FF FF 00 00 00 00 00 00 00 00 00 00 00 00 00 16:01:10:916
00 FF FF 00 03 20 00 08 02 00 1C 00 1D 00 00 00 00 00 00 00 3D DF 00 00 03 FF FF 00 00 00 00 00 00 00 00 00 00 00 00 00 16:01:10:917
00 FF FF 00 00 20 00 08 01 00 1A 00 1A 00 00 00 00 00 00 00 3D D2 00 00 00 FF FF 00 00 00 00 00 00 00 00 00 00 00 00 00 16:01:10:994
00 FF FF 00 02 20 00 08 01 00 1A 00 1A 00 00 00 00 00 00 00 3D D7 00 00 02 FF FF 00 00 00 00 00 00 00 00 00 00 00 00 00 16:01:10:996
00 FF FF 00 05 20 00 08 01 00 1A 00 1A 00 00 00 00 00 00 00 3D C7 00 00 05 FF FF 00 00 00 00 00 00 00 00 00 00 00 00 00 16:01:10:998
00 FF FF 00 01 20 00 08 01 00 1A 00 1A 00 00 00 00 00 00 00 3D CB 00 00 01 FF FF 00 00 00 00 00 00 00 00 00 00 00 00 00 16:01:11:003
00 FF FF 00 03 20 00 08 02 00 1E 00 1F 00 00 00 3D 09 00 00 3D DF 00 00 03 FF FF 00 00 00 00 00 00 00 00 00 00 00 00 00 16:01:11:004
00 FF FF 00 00 20 00 08 01 00 1B 00 1B 00 00 00 00 00 00 00 3D D2 00 00 00 FF FF 00 00 00 00 00 00 00 00 00 00 00 00 00 16:01:11:005
00 FF FF 00 02 20 00 08 01 00 1B 00 1B 00 00 00 00 00 00 00 3D D7 00 00 02 FF FF 00 00 00 00 00 00 00 00 00 00 00 00 00 16:01:11:006
00 FF FF 00 02 20 00 08 01 00 1C 00 1C 00 00 00 00 00 00 00 3D D7 00 00 02 FF FF 00 00 00 00 00 00 00 00 00 00 00 00 00 16:01:11:008
00 FF FF 00 05 20 00 08 01 00 1C 00 1C 00 00 00 00 00 00 00 3D C7 00 00 05 FF FF 00 00 00 00 00 00 00 00 00 00 00 00 00 16:01:11:010
00 FF FF 00 02 20 00 08 01 00 1D 00 1D 00 00 00 00 00 00 00 3D D7 00 00 02 FF FF 00 00 00 00 00 00 00 00 00 00 00 00 00 16:01:11:016
00 FF FF 00 02 20 00 08 01 00 1E 00 1E 00 00 00 00 00 00 00 3D D7 00 00 02 FF FF 00 00 00 00 00 00 00 00 00 00 00 00 00 16:01:11:018
00 FF FF 00 05 20 00 08 01 00 1E 00 1E 00 00 00 00 00 00 00 3D C7 00 00 05 FF FF 00 00 00 00 00 00 00 00 00 00 00 00 00 16:01:11:020
00 FF FF 00 02 20 00 08 01 00 1F 00 1F 00 00 00 00 00 00 00 3D D7 00 00 02 FF FF 00 00 00 00 00 00 00 00 00 00 00 00 00 16:01:11:022
00 FF FF 00 05 20 00 08 01 00 1F 00 1F 00 00 00 00 00 00 00 3D C7 00 00 05 FF FF 00 00 00 00 00 00 00 00 00 00 00 00 00 16:01:11:023
00 FF FF 00 05 20 00 08 06 00 00 00 00 08 00 00 00 00 00 00 3F 15 00 00 05 FF FF 00 00 00 00 00 00 00 00 00 00 00 00 00 16:01:11:097
00 FF FF 00 02 20 00 08 06 00 00 00 00 08 00 00 00 00 00 00 3F 25 00 00 02 FF FF 00 00 00 00 00 00 00 00 00 00 00 00 00 16:01:11:099
00 FF FF 00 03 20 00 08 06 00 00 00 00 08 00 00 00 00 00 00 3F 2D 00 00 03 FF FF 00 00 00 00 00 00 00 00 00 00 00 00 00 16:01:11:101
00 FF FF 00 04 20 00 08 06 00 00 00 00 08 00 00 00 00 00 00 3F 64 00 00 04 FF FF 00 00 00 00 00 00 00 00 00 00 00 00 00 16:01:11:103
00 FF FF 00 01 20 00 08 06 00 00 00 00 08 00 00 00 00 00 00 3F 1A 00 00 01 FF FF 00 00 00 00 00 00 00 00 00 00 00 00 00 16:01:11:104
00 FF FF 00 00 20 00 08 06 00 00 00 00 08 00 00 00 00 00 00 3F 20 00 00 00 FF FF 00 00 00 00 00 00 00 00 00 00 00 00 00 16:01:11:105
00 FF FF 00 06 20 00 08 01 00 10 00 10 01 00 00 00 00 00 00 3D 22 20 00 06 00 05 00 00 00 00 00 00 00 00 00 00 00 00 00 16:01:11:138
00 FF FF 00 04 20 00 08 01 00 15 00 15 02 00 00 00 00 00 00 3F 64 01 00 04 FF FF 00 00 00 00 00 00 00 00 00 00 00 00 00 16:01:11:139
00 FF FF 00 07 20 00 08 01 00 15 00 15 02 00 00 00 00 00 00 7E 32 01 00 07 FF FF 00 00 00 00 00 00 00 00 00 00 00 00 00 16:01:11:141
00 FF FF 00 05 20 00 08 01 00 15 00 15 02 00 00 00 00 00 00 3F 15 01 00 05 FF FF 00 00 00 00 00 00 00 00 00 00 00 00 00 16:01:11:143
00 FF FF 00 06 20 00 08 02 00 10 00 11 00 00 00 00 00 00 00 3F 81 00 00 06 FF FF 00 00 00 00 00 00 00 00 00 00 00 00 00 16:01:11:246
00 FF FF 00 06 20 00 08 02 00 12 00 13 00 00 00 00 4B 00 00 3F 81 00 00 06 FF FF 00 00 00 00 00 00 00 00 00 00 00 00 00 16:01:11:291
00 FF FF 00 06 20 00 08 02 00 14 00 15 00 00 00 02 71 00 00 3F 81 00 00 06 FF FF 00 00 00 00 00 00 00 00 00 00 00 00 00 16:01:11:292
00 FF FF 00 06 20 00 08 02 00 16 00 17 00 00 00 7A 12 00 00 3F 81 00 00 06 FF FF 00 00 00 00 00 00 00 00 00 00 00 00 00 16:01:11:293
00 FF FF 00 06 20 00 08 01 00 18 00 18 01 00 00 00 00 00 00 3F 81 78 00 06 00 04 00 00 00 00 00 00 00 00 00 00 00 00 00 16:01:11:481
00 FF FF 00 00 20 00 08 01 00 1B 00 1B 02 00 00 00 00 00 00 3F 20 0F 00 00 FF FF 00 00 00 00 00 00 00 00 00 00 00 00 00 16:01:11:499
00 FF FF 00 00 20 00 08 01 00 1C 00 1C 02 00 00 00 00 00 00 3F 20 07 00 00 FF FF 00 00 00 00 00 00 00 00 00 00 00 00 00 16:01:11:514
00 FF FF 00 00 20 00 08 01 00 1D 00 1D 02 00 00 00 00 00 00 3F 20 03 00 00 FF FF 00 00 00 00 00 00 00 00 00 00 00 00 00 16:01:11:557
00 FF FF 00 00 20 00 08 01 00 1E 00 1E 02 00 00 00 00 00 00 3F 20 01 00 00 FF FF 00 00 00 00 00 00 00 00 00 00 00 00 00 16:01:11:558
00 FF FF 00 07 20 00 08 01 00 1B 00 1B 02 00 00 00 00 00 00 7E 32 0F 00 07 FF FF 00 00 00 00 00 00 00 00 00 00 00 00 00 16:01:11:559
00 FF FF 00 07 20 00 08 01 00 1C 00 1C 02 00 00 00 00 00 00 7E 32 07 00 07 FF FF 00 00 00 00 00 00 00 00 00 00 00 00 00 16:01:11:560
00 FF FF 00 07 20 00 08 01 00 1D 00 1D 02 00 00 00 00 00 00 7E 32 03 00 07 FF FF 00 00 00 00 00 00 00 00 00 00 00 00 00 16:01:11:570
00 FF FF 00 07 20 00 08 01 00 1E 00 1E 02 00 00 00 00 00 00 7E 32 01 00 07 FF FF 00 00 00 00 00 00 00 00 00 00 00 00 00 16:01:11:587
00 FF FF 00 06 20 00 08 01 00 18 00 18 01 00 00 00 00 00 00 3F 81 40 00 06 00 00 00 00 00 00 00 00 00 00 00 00 00 00 00 16:01:11:730
00 FF FF 00 01 20 00 08 01 00 1E 00 1E 02 00 00 00 00 00 00 3F 1A 01 00 01 FF FF 00 00 00 00 00 00 00 00 00 00 00 00 00 16:01:11:762
00 FF FF 00 02 20 00 08 01 00 1E 00 1E 02 00 00 00 00 00 00 3F 25 01 00 02 FF FF 00 00 00 00 00 00 00 00 00 00 00 00 00 16:01:11:763
00 FF FF 00 07 20 00 08 01 00 1E 00 1E 02 00 00 00 00 00 00 7E 32 01 00 07 FF FF 00 00 00 00 00 00 00 00 00 00 00 00 00 16:01:11:793
00 FF FF 00 06 20 00 08 01 00 18 00 18 00 00 00 00 00 00 00 42 09 00 00 06 FF FF 00 00 00 00 00 00 00 00 00 00 00 00 00 16:01:11:889
00 FF FF 00 06 20 00 08 01 00 19 00 19 00 00 00 00 00 00 00 42 09 00 00 06 FF FF 00 00 00 00 00 00 00 00 00 00 00 00 00 16:01:11:890
00 FF FF 00 06 20 00 08 01 00 1A 00 1A 00 00 00 00 00 00 00 42 09 00 00 06 FF FF 00 00 00 00 00 00 00 00 00 00 00 00 00 16:01:11:891
00 FF FF 00 06 20 00 08 01 00 1B 00 1B 00 00 00 00 00 00 00 42 09 00 00 06 FF FF 00 00 00 00 00 00 00 00 00 00 00 00 00 16:01:11:903
00 FF FF 00 06 20 00 08 01 00 1C 00 1C 00 00 00 00 00 00 00 42 09 00 00 06 FF FF 00 00 00 00 00 00 00 00 00 00 00 00 00 16:01:11:949
00 FF FF 00 06 20 00 08 01 00 1D 00 1D 00 00 00 00 00 00 00 42 09 00 00 06 FF FF 00 00 00 00 00 00 00 00 00 00 00 00 00 16:01:11:950
00 FF FF 00 06 20 00 08 01 00 1E 00 1E 00 00 00 00 00 00 00 42 09 00 00 06 FF FF 00 00 00 00 00 00 00 00 00 00 00 00 00 16:01:11:951
00 FF FF 00 06 20 00 08 01 00 1F 00 1F 00 00 00 00 00 00 00 42 09 00 00 06 FF FF 00 00 00 00 00 00 00 00 00 00 00 00 00 16:01:11:952
00 FF FF 00 06 20 00 08 06 00 00 00 00 08 00 00 00 00 00 00 43 78 00 00 06 FF FF 00 00 00 00 00 00 00 00 00 00 00 00 00 16:01:12:155
