00 FF FF 00 00 21 00 08 08 01 00 00 00 00 00 00 00 00 01 00 00 0B BB 00 00 00 00 00 00 00 00 00 00 00 00 00 00 00 00 00 00 14:48:12:300
00 FF FF 00 00 21 00 08 07 01 00 01 00 01 00 00 00 00 05 00 00 0B C4 00 00 00 00 00 00 00 00 00 00 00 00 00 00 00 00 00 00 14:48:12:313
00 FF FF 00 00 21 00 08 06 01 00 02 00 02 00 00 00 00 19 00 00 0B CF 00 00 00 00 00 00 00 00 00 00 00 00 00 00 00 00 00 00 14:48:12:355
00 FF FF 00 00 21 00 08 05 01 00 03 00 03 00 00 00 00 7D 00 00 0B DB 00 00 00 00 00 00 00 00 00 00 00 00 00 00 00 00 00 00 14:48:12:357
00 FF FF 00 00 21 00 08 04 01 00 04 00 04 00 00 00 02 71 00 00 0B E7 00 00 00 00 00 00 00 00 00 00 00 00 00 00 00 00 00 00 14:48:12:359
00 FF FF 00 00 21 00 08 03 01 00 05 00 05 00 00 00 0C 35 00 00 0B F2 00 00 00 00 00 00 00 00 00 00 00 00 00 00 00 00 00 00 14:48:12:361
00 FF FF 00 00 21 00 08 02 01 00 06 00 06 00 00 00 3D 09 00 00 0B FE 00 00 00 00 00 00 00 00 00 00 00 00 00 00 00 00 00 00 14:48:12:386
00 FF FF 00 00 21 00 08 01 01 00 07 00 07 00 00 01 31 2D 00 00 0C 0A 00 00 00 00 00 00 00 00 00 00 00 00 00 00 00 00 00 00 14:48:12:387
00 FF FF 00 01 21 00 08 04 02 00 00 00 01 00 00 00 00 02 00 00 0B CB 00 00 01 FF FF 00 00 00 00 00 00 00 00 00 00 00 00 00 14:48:12:527
00 FF FF 00 01 21 00 08 03 02 00 02 00 03 00 00 00 00 64 00 00 0B D2 00 00 01 FF FF 00 00 00 00 00 00 00 00 00 00 00 00 00 14:48:12:528
00 FF FF 00 01 21 00 08 02 02 00 04 00 05 00 00 00 09 C4 00 00 0B DE 00 00 01 FF FF 00 00 00 00 00 00 00 00 00 00 00 00 00 14:48:12:529
00 FF FF 00 01 21 00 08 01 02 00 06 00 07 00 00 00 3D 09 00 00 0B E9 00 00 01 FF FF 00 00 00 00 00 00 00 00 00 00 00 00 00 14:48:12:530
00 FF FF 00 03 21 00 08 04 02 00 00 00 01 00 00 00 00 01 00 00 0A E3 00 00 03 FF FF 00 00 00 00 00 00 00 00 00 00 00 00 00 14:48:12:538
00 FF FF 00 03 21 00 08 03 02 00 02 00 03 00 00 00 00 32 00 00 0B 0C 00 00 03 FF FF 00 00 00 00 00 00 00 00 00 00 00 00 00 14:48:12:583
00 FF FF 00 03 21 00 08 02 02 00 04 00 05 00 00 00 04 E2 00 00 0B 18 00 00 03 FF FF 00 00 00 00 00 00 00 00 00 00 00 00 00 14:48:12:584
00 FF FF 00 03 21 00 08 01 02 00 06 00 07 00 00 00 7A 12 00 00 0B 23 00 00 03 FF FF 00 00 00 00 00 00 00 00 00 00 00 00 00 14:48:12:585
00 FF FF 00 03 21 00 08 00 06 00 00 00 00 08 00 00 00 00 00 00 0B B1 00 00 03 FF FF 00 00 00 00 00 00 00 00 00 00 00 00 00 14:48:12:708
00 FF FF 00 01 21 00 08 00 06 00 00 00 00 08 00 00 00 00 00 00 0C E0 00 00 01 FF FF 00 00 00 00 00 00 00 00 00 00 00 00 00 14:48:12:773
00 FF FF 00 00 21 00 08 08 01 00 00 00 00 00 00 00 00 01 00 00 0B BB 00 00 00 00 00 00 00 00 00 00 00 00 00 00 00 00 00 00 14:48:44:232
00 FF FF 00 00 21 00 08 07 01 00 01 00 01 00 00 00 00 05 00 00 0B C4 00 00 00 00 00 00 00 00 00 00 00 00 00 00 00 00 00 00 14:48:44:276
00 FF FF 00 00 21 00 08 06 01 00 02 00 02 00 00 00 00 19 00 00 0B D0 00 00 00 00 00 00 00 00 00 00 00 00 00 00 00 00 00 00 14:48:44:277
00 FF FF 00 00 21 00 08 05 01 00 03 00 03 00 00 00 00 7D 00 00 0B DB 00 00 00 00 00 00 00 00 00 00 00 00 00 00 00 00 00 00 14:48:44:279
00 FF FF 00 00 21 00 08 04 01 00 04 00 04 00 00 00 02 71 00 00 0B E7 00 00 00 00 00 00 00 00 00 00 00 00 00 00 00 00 00 00 14:48:44:280
00 FF FF 00 00 21 00 08 03 01 00 05 00 05 00 00 00 0C 35 00 00 0B F3 00 00 00 00 00 00 00 00 00 00 00 00 00 00 00 00 00 00 14:48:44:289
00 FF FF 00 00 21 00 08 01 01 00 07 00 07 00 00 01 31 2D 00 00 0C 0A 00 00 00 00 00 00 00 00 00 00 00 00 00 00 00 00 00 00 14:48:44:320
00 FF FF 00 00 21 00 08 08 01 00 00 00 00 00 00 00 00 01 00 00 0B BB 00 00 00 00 00 00 00 00 00 00 00 00 00 00 00 00 00 00 14:49:17:425
00 FF FF 00 00 21 00 08 07 01 00 01 00 01 00 00 00 00 05 00 00 0B C4 00 00 00 00 00 00 00 00 00 00 00 00 00 00 00 00 00 00 14:49:17:426
00 FF FF 00 00 21 00 08 06 01 00 02 00 02 00 00 00 00 19 00 00 0B D0 00 00 00 00 00 00 00 00 00 00 00 00 00 00 00 00 00 00 14:49:17:427
00 FF FF 00 00 21 00 08 05 01 00 03 00 03 00 00 00 00 7D 00 00 0B DB 00 00 00 00 00 00 00 00 00 00 00 00 00 00 00 00 00 00 14:49:17:428
00 FF FF 00 00 21 00 08 04 01 00 04 00 04 00 00 00 02 71 00 00 0B E7 00 00 00 00 00 00 00 00 00 00 00 00 00 00 00 00 00 00 14:49:17:439
00 FF FF 00 00 21 00 08 03 01 00 05 00 05 00 00 00 0C 35 00 00 0B F3 00 00 00 00 00 00 00 00 00 00 00 00 00 00 00 00 00 00 14:49:17:482
00 FF FF 00 00 21 00 08 02 01 00 06 00 06 00 00 00 3D 09 00 00 0B FF 00 00 00 00 00 00 00 00 00 00 00 00 00 00 00 00 00 00 14:49:17:483
00 FF FF 00 00 21 00 08 01 01 00 07 00 07 00 00 01 31 2D 00 00 0C 0B 00 00 00 00 00 00 00 00 00 00 00 00 00 00 00 00 00 00 14:49:17:484
00 FF FF 00 00 21 00 08 08 01 00 00 00 00 00 00 00 00 01 00 00 0B BB 00 00 00 00 00 00 00 00 00 00 00 00 00 00 00 00 00 00 14:49:28:419
00 FF FF 00 00 21 00 08 07 01 00 01 00 01 00 00 00 00 05 00 00 0B C4 00 00 00 00 00 00 00 00 00 00 00 00 00 00 00 00 00 00 14:49:28:436
00 FF FF 00 00 21 00 08 06 01 00 02 00 02 00 00 00 00 19 00 00 0B D0 00 00 00 00 00 00 00 00 00 00 00 00 00 00 00 00 00 00 14:49:28:481
00 FF FF 00 00 21 00 08 05 01 00 03 00 03 00 00 00 00 7D 00 00 0B DC 00 00 00 00 00 00 00 00 00 00 00 00 00 00 00 00 00 00 14:49:28:483
00 FF FF 00 00 21 00 08 04 01 00 04 00 04 00 00 00 02 71 00 00 0B E7 00 00 00 00 00 00 00 00 00 00 00 00 00 00 00 00 00 00 14:49:28:485
00 FF FF 00 00 21 00 08 03 01 00 05 00 05 00 00 00 0C 35 00 00 0B F3 00 00 00 00 00 00 00 00 00 00 00 00 00 00 00 00 00 00 14:49:28:486
00 FF FF 00 00 21 00 08 02 01 00 06 00 06 00 00 00 3D 09 00 00 0B FF 00 00 00 00 00 00 00 00 00 00 00 00 00 00 00 00 00 00 14:49:28:494
00 FF FF 00 00 21 00 08 01 01 00 07 00 07 00 00 01 31 2D 00 00 0C 0B 00 00 00 00 00 00 00 00 00 00 00 00 00 00 00 00 00 00 14:49:28:509
00 FF FF 00 00 21 00 08 08 01 00 00 00 00 00 00 00 00 01 00 00 0B BB 00 00 00 00 00 00 00 00 00 00 00 00 00 00 00 00 00 00 14:49:40:665
00 FF FF 00 00 21 00 08 07 01 00 01 00 01 00 00 00 00 05 00 00 0B C4 00 00 00 00 00 00 00 00 00 00 00 00 00 00 00 00 00 00 14:49:40:712
00 FF FF 00 00 21 00 08 06 01 00 02 00 02 00 00 00 00 19 00 00 0B CF 00 00 00 00 00 00 00 00 00 00 00 00 00 00 00 00 00 00 14:49:40:713
00 FF FF 00 00 21 00 08 05 01 00 03 00 03 00 00 00 00 7D 00 00 0B DB 00 00 00 00 00 00 00 00 00 00 00 00 00 00 00 00 00 00 14:49:40:714
00 FF FF 00 00 21 00 08 04 01 00 04 00 04 00 00 00 02 71 00 00 0B E7 00 00 00 00 00 00 00 00 00 00 00 00 00 00 00 00 00 00 14:49:40:715
00 FF FF 00 00 21 00 08 03 01 00 05 00 05 00 00 00 0C 35 00 00 0B F3 00 00 00 00 00 00 00 00 00 00 00 00 00 00 00 00 00 00 14:49:40:725
00 FF FF 00 00 21 00 08 02 01 00 06 00 06 00 00 00 3D 09 00 00 0B FF 00 00 00 00 00 00 00 00 00 00 00 00 00 00 00 00 00 00 14:49:40:754
00 FF FF 00 00 21 00 08 01 01 00 07 00 07 00 00 01 31 2D 00 00 0C 0A 00 00 00 00 00 00 00 00 00 00 00 00 00 00 00 00 00 00 14:49:40:756
00 FF FF 00 00 21 00 08 08 01 00 00 00 00 00 00 00 00 01 00 00 0B BB 00 00 00 00 00 00 00 00 00 00 00 00 00 00 00 00 00 00 14:49:56:392
00 FF FF 00 00 21 00 08 07 01 00 01 00 01 00 00 00 00 05 00 00 0B C4 00 00 00 00 00 00 00 00 00 00 00 00 00 00 00 00 00 00 14:49:56:394
00 FF FF 00 00 21 00 08 06 01 00 02 00 02 00 00 00 00 19 00 00 0B CF 00 00 00 00 00 00 00 00 00 00 00 00 00 00 00 00 00 00 14:49:56:396
00 FF FF 00 00 21 00 08 05 01 00 03 00 03 00 00 00 00 7D 00 00 0B DB 00 00 00 00 00 00 00 00 00 00 00 00 00 00 00 00 00 00 14:49:56:397
00 FF FF 00 00 21 00 08 04 01 00 04 00 04 00 00 00 02 71 00 00 0B E7 00 00 00 00 00 00 00 00 00 00 00 00 00 00 00 00 00 00 14:49:56:408
00 FF FF 00 00 21 00 08 03 01 00 05 00 05 00 00 00 0C 35 00 00 0B F3 00 00 00 00 00 00 00 00 00 00 00 00 00 00 00 00 00 00 14:49:56:450
00 FF FF 00 00 21 00 08 02 01 00 06 00 06 00 00 00 3D 09 00 00 0B FF 00 00 00 00 00 00 00 00 00 00 00 00 00 00 00 00 00 00 14:49:56:452
00 FF FF 00 00 21 00 08 01 01 00 07 00 07 00 00 01 31 2D 00 00 0C 0A 00 00 00 00 00 00 00 00 00 00 00 00 00 00 00 00 00 00 14:49:56:453
00 FF FF 00 00 21 00 08 08 01 00 00 00 00 00 00 00 00 01 00 00 0B BB 00 00 00 00 00 00 00 00 00 00 00 00 00 00 00 00 00 00 14:50:35:107
00 FF FF 00 00 21 00 08 07 01 00 01 00 01 00 00 00 00 05 00 00 0B C4 00 00 00 00 00 00 00 00 00 00 00 00 00 00 00 00 00 00 14:50:35:152
00 FF FF 00 00 21 00 08 06 01 00 02 00 02 00 00 00 00 19 00 00 0B CF 00 00 00 00 00 00 00 00 00 00 00 00 00 00 00 00 00 00 14:50:35:153
00 FF FF 00 00 21 00 08 05 01 00 03 00 03 00 00 00 00 7D 00 00 0B DB 00 00 00 00 00 00 00 00 00 00 00 00 00 00 00 00 00 00 14:50:35:156
00 FF FF 00 00 21 00 08 04 01 00 04 00 04 00 00 00 02 71 00 00 0B E7 00 00 00 00 00 00 00 00 00 00 00 00 00 00 00 00 00 00 14:50:35:157
00 FF FF 00 00 21 00 08 03 01 00 05 00 05 00 00 00 0C 35 00 00 0B F2 00 00 00 00 00 00 00 00 00 00 00 00 00 00 00 00 00 00 14:50:35:167
00 FF FF 00 00 21 00 08 02 01 00 06 00 06 00 00 00 3D 09 00 00 0B FE 00 00 00 00 00 00 00 00 00 00 00 00 00 00 00 00 00 00 14:50:35:196
00 FF FF 00 00 21 00 08 01 01 00 07 00 07 00 00 01 31 2D 00 00 0C 09 00 00 00 00 00 00 00 00 00 00 00 00 00 00 00 00 00 00 14:50:35:197
00 FF FF 00 03 21 00 08 04 02 00 00 00 01 00 00 00 00 03 00 00 0E 45 00 00 03 FF FF 00 00 00 00 00 00 00 00 00 00 00 00 00 14:50:35:276
00 FF FF 00 03 21 00 08 03 02 00 02 00 03 00 00 00 00 4B 00 00 0E 53 00 00 03 FF FF 00 00 00 00 00 00 00 00 00 00 00 00 00 14:50:35:292
00 FF FF 00 03 21 00 08 02 02 00 04 00 05 00 00 00 00 00 00 00 0E 5F 00 00 03 FF FF 00 00 00 00 00 00 00 00 00 00 00 00 00 14:50:35:339
00 FF FF 00 03 21 00 08 01 02 00 06 00 07 00 00 00 3D 09 00 00 0E 6B 00 00 03 FF FF 00 00 00 00 00 00 00 00 00 00 00 00 00 14:50:35:340
00 FF FF 00 01 21 00 08 04 02 00 00 00 01 00 00 00 00 02 00 00 0C D9 00 00 01 FF FF 00 00 00 00 00 00 00 00 00 00 00 00 00 14:50:35:342
00 FF FF 00 01 21 00 08 03 02 00 02 00 03 00 00 00 00 32 00 00 0C FB 00 00 01 FF FF 00 00 00 00 00 00 00 00 00 00 00 00 00 14:50:35:343
00 FF FF 00 01 21 00 08 02 02 00 04 00 05 00 00 00 04 E2 00 00 0D 07 00 00 01 FF FF 00 00 00 00 00 00 00 00 00 00 00 00 00 14:50:35:363
00 FF FF 00 01 21 00 08 01 02 00 06 00 07 00 00 00 00 00 00 00 0D 12 00 00 01 FF FF 00 00 00 00 00 00 00 00 00 00 00 00 00 14:50:35:365
00 FF FF 00 03 21 00 08 00 06 00 00 00 00 08 00 00 00 00 00 00 0F 67 00 00 03 FF FF 00 00 00 00 00 00 00 00 00 00 00 00 00 14:50:35:580
00 FF FF 00 01 21 00 08 00 06 00 00 00 00 08 00 00 00 00 00 00 0D F4 00 00 01 FF FF 00 00 00 00 00 00 00 00 00 00 00 00 00 14:50:35:581
00 FF FF 00 00 21 00 08 08 01 00 00 00 00 00 00 00 00 01 00 00 0B BB 00 00 00 00 00 00 00 00 00 00 00 00 00 00 00 00 00 00 14:57:14:794
00 FF FF 00 00 21 00 08 07 01 00 01 00 01 00 00 00 00 05 00 00 0B C4 00 00 00 00 00 00 00 00 00 00 00 00 00 00 00 00 00 00 14:57:14:795
00 FF FF 00 00 21 00 08 06 01 00 02 00 02 00 00 00 00 19 00 00 0B D0 00 00 00 00 00 00 00 00 00 00 00 00 00 00 00 00 00 00 14:57:14:796
00 FF FF 00 00 21 00 08 05 01 00 03 00 03 00 00 00 00 7D 00 00 0B DB 00 00 00 00 00 00 00 00 00 00 00 00 00 00 00 00 00 00 14:57:14:797
00 FF FF 00 00 21 00 08 04 01 00 04 00 04 00 00 00 02 71 00 00 0B E7 00 00 00 00 00 00 00 00 00 00 00 00 00 00 00 00 00 00 14:57:14:807
00 FF FF 00 00 21 00 08 03 01 00 05 00 05 00 00 00 0C 35 00 00 0B F3 00 00 00 00 00 00 00 00 00 00 00 00 00 00 00 00 00 00 14:57:14:851
00 FF FF 00 00 21 00 08 02 01 00 06 00 06 00 00 00 3D 09 00 00 0B FF 00 00 00 00 00 00 00 00 00 00 00 00 00 00 00 00 00 00 14:57:14:852
00 FF FF 00 00 21 00 08 01 01 00 07 00 07 00 00 01 31 2D 00 00 0C 0B 00 00 00 00 00 00 00 00 00 00 00 00 00 00 00 00 00 00 14:57:14:853
00 FF FF 00 01 21 00 08 04 02 00 00 00 01 00 00 00 00 02 00 00 0C DE 00 00 01 FF FF 00 00 00 00 00 00 00 00 00 00 00 00 00 14:57:14:990
00 FF FF 00 01 21 00 08 03 02 00 02 00 03 00 00 00 00 32 00 00 0C E9 00 00 01 FF FF 00 00 00 00 00 00 00 00 00 00 00 00 00 14:57:14:992
00 FF FF 00 01 21 00 08 02 02 00 04 00 05 00 00 00 09 C4 00 00 0C F4 00 00 01 FF FF 00 00 00 00 00 00 00 00 00 00 00 00 00 14:57:14:993
00 FF FF 00 01 21 00 08 01 02 00 06 00 07 00 00 00 F4 24 00 00 0D 00 00 00 01 FF FF 00 00 00 00 00 00 00 00 00 00 00 00 00 14:57:15:006
00 FF FF 00 01 21 00 08 00 06 00 00 00 00 08 00 00 00 00 00 00 0D BF 00 00 01 FF FF 00 00 00 00 00 00 00 00 00 00 00 00 00 14:57:15:181
00 FF FF 00 00 21 00 08 08 01 00 00 00 00 00 00 00 00 01 00 00 0B BB 00 00 00 00 00 00 00 00 00 00 00 00 00 00 00 00 00 00 14:57:49:168
00 FF FF 00 00 21 00 08 07 01 00 01 00 01 00 00 00 00 05 00 00 0B C4 00 00 00 00 00 00 00 00 00 00 00 00 00 00 00 00 00 00 14:57:49:211
00 FF FF 00 00 21 00 08 06 01 00 02 00 02 00 00 00 00 19 00 00 0B D0 00 00 00 00 00 00 00 00 00 00 00 00 00 00 00 00 00 00 14:57:49:213
00 FF FF 00 00 21 00 08 05 01 00 03 00 03 00 00 00 00 7D 00 00 0B DB 00 00 00 00 00 00 00 00 00 00 00 00 00 00 00 00 00 00 14:57:49:215
00 FF FF 00 00 21 00 08 04 01 00 04 00 04 00 00 00 02 71 00 00 0B E7 00 00 00 00 00 00 00 00 00 00 00 00 00 00 00 00 00 00 14:57:49:216
00 FF FF 00 00 21 00 08 03 01 00 05 00 05 00 00 00 0C 35 00 00 0B F3 00 00 00 00 00 00 00 00 00 00 00 00 00 00 00 00 00 00 14:57:49:226
00 FF FF 00 00 21 00 08 02 01 00 06 00 06 00 00 00 3D 09 00 00 0B FF 00 00 00 00 00 00 00 00 00 00 00 00 00 00 00 00 00 00 14:57:49:256
00 FF FF 00 00 21 00 08 01 01 00 07 00 07 00 00 01 31 2D 00 00 0C 0A 00 00 00 00 00 00 00 00 00 00 00 00 00 00 00 00 00 00 14:57:49:257
00 FF FF 00 01 21 00 08 04 02 00 00 00 01 00 00 00 00 02 00 00 0C 5A 00 00 01 FF FF 00 00 00 00 00 00 00 00 00 00 00 00 00 14:57:49:334
00 FF FF 00 01 21 00 08 03 02 00 02 00 03 00 00 00 00 32 00 00 0C 66 00 00 01 FF FF 00 00 00 00 00 00 00 00 00 00 00 00 00 14:57:49:350
00 FF FF 00 01 21 00 08 02 02 00 04 00 05 00 00 00 04 E2 00 00 0C 72 00 00 01 FF FF 00 00 00 00 00 00 00 00 00 00 00 00 00 14:57:49:381
00 FF FF 00 01 21 00 08 01 02 00 06 00 07 00 00 00 F4 24 00 00 0C 7E 00 00 01 FF FF 00 00 00 00 00 00 00 00 00 00 00 00 00 14:57:49:382
00 FF FF 00 01 21 00 08 00 06 00 00 00 00 08 00 00 00 00 00 00 0D 56 00 00 01 FF FF 00 00 00 00 00 00 00 00 00 00 00 00 00 14:57:49:587
00 FF FF 00 00 21 00 08 08 01 00 00 00 00 00 00 00 00 01 00 00 0B BB 00 00 00 00 00 00 00 00 00 00 00 00 00 00 00 00 00 00 14:59:01:141
00 FF FF 00 00 21 00 08 07 01 00 01 00 01 00 00 00 00 05 00 00 0B C4 00 00 00 00 00 00 00 00 00 00 00 00 00 00 00 00 00 00 14:59:01:143
00 FF FF 00 00 21 00 08 06 01 00 02 00 02 00 00 00 00 19 00 00 0B D0 00 00 00 00 00 00 00 00 00 00 00 00 00 00 00 00 00 00 14:59:01:145
00 FF FF 00 00 21 00 08 05 01 00 03 00 03 00 00 00 00 7D 00 00 0B DB 00 00 00 00 00 00 00 00 00 00 00 00 00 00 00 00 00 00 14:59:01:146
00 FF FF 00 00 21 00 08 04 01 00 04 00 04 00 00 00 02 71 00 00 0B E7 00 00 00 00 00 00 00 00 00 00 00 00 00 00 00 00 00 00 14:59:01:156
00 FF FF 00 00 21 00 08 03 01 00 05 00 05 00 00 00 0C 35 00 00 0B F3 00 00 00 00 00 00 00 00 00 00 00 00 00 00 00 00 00 00 14:59:01:200
00 FF FF 00 00 21 00 08 02 01 00 06 00 06 00 00 00 3D 09 00 00 0B FF 00 00 00 00 00 00 00 00 00 00 00 00 00 00 00 00 00 00 14:59:01:201
00 FF FF 00 00 21 00 08 01 01 00 07 00 07 00 00 01 31 2D 00 00 0C 0B 00 00 00 00 00 00 00 00 00 00 00 00 00 00 00 00 00 00 14:59:01:202
00 FF FF 00 01 21 00 08 04 02 00 00 00 01 00 00 00 00 02 00 00 0C 43 00 00 01 FF FF 00 00 00 00 00 00 00 00 00 00 00 00 00 14:59:01:326
00 FF FF 00 01 21 00 08 03 02 00 02 00 03 00 00 00 00 64 00 00 0C 50 00 00 01 FF FF 00 00 00 00 00 00 00 00 00 00 00 00 00 14:59:01:327
00 FF FF 00 01 21 00 08 02 02 00 04 00 05 00 00 00 00 00 00 00 0C 5C 00 00 01 FF FF 00 00 00 00 00 00 00 00 00 00 00 00 00 14:59:01:328
00 FF FF 00 01 21 00 08 01 02 00 06 00 07 00 00 00 7A 12 00 00 0C 68 00 00 01 FF FF 00 00 00 00 00 00 00 00 00 00 00 00 00 14:59:01:329
00 FF FF 00 01 21 00 08 00 06 00 00 00 00 08 00 00 00 00 00 00 0D 48 00 00 01 FF FF 00 00 00 00 00 00 00 00 00 00 00 00 00 14:59:01:546
00 FF FF 00 00 21 00 08 08 01 00 00 00 00 00 00 00 00 01 00 00 0B BB 00 00 00 00 00 00 00 00 00 00 00 00 00 00 00 00 00 00 15:00:24:153
00 FF FF 00 00 21 00 08 07 01 00 01 00 01 00 00 00 00 05 00 00 0B C4 00 00 00 00 00 00 00 00 00 00 00 00 00 00 00 00 00 00 15:00:24:199
00 FF FF 00 00 21 00 08 06 01 00 02 00 02 00 00 00 00 19 00 00 0B CF 00 00 00 00 00 00 00 00 00 00 00 00 00 00 00 00 00 00 15:00:24:200
00 FF FF 00 00 21 00 08 05 01 00 03 00 03 00 00 00 00 7D 00 00 0B DB 00 00 00 00 00 00 00 00 00 00 00 00 00 00 00 00 00 00 15:00:24:201
00 FF FF 00 00 21 00 08 04 01 00 04 00 04 00 00 00 02 71 00 00 0B E7 00 00 00 00 00 00 00 00 00 00 00 00 00 00 00 00 00 00 15:00:24:203
00 FF FF 00 00 21 00 08 03 01 00 05 00 05 00 00 00 0C 35 00 00 0B F3 00 00 00 00 00 00 00 00 00 00 00 00 00 00 00 00 00 00 15:00:24:212
00 FF FF 00 00 21 00 08 02 01 00 06 00 06 00 00 00 3D 09 00 00 0B FF 00 00 00 00 00 00 00 00 00 00 00 00 00 00 00 00 00 00 15:00:24:241
00 FF FF 00 00 21 00 08 01 01 00 07 00 07 00 00 01 31 2D 00 00 0C 0A 00 00 00 00 00 00 00 00 00 00 00 00 00 00 00 00 00 00 15:00:24:243
00 FF FF 00 01 21 00 08 04 02 00 00 00 01 00 00 00 00 02 00 00 0C 72 00 00 01 FF FF 00 00 00 00 00 00 00 00 00 00 00 00 00 15:00:24:363
00 FF FF 00 01 21 00 08 03 02 00 02 00 03 00 00 00 00 32 00 00 0C 81 00 00 01 FF FF 00 00 00 00 00 00 00 00 00 00 00 00 00 15:00:24:365
00 FF FF 00 01 21 00 08 02 02 00 04 00 05 00 00 00 07 53 00 00 0C 8D 00 00 01 FF FF 00 00 00 00 00 00 00 00 00 00 00 00 00 15:00:24:367
00 FF FF 00 01 21 00 08 01 02 00 06 00 07 00 00 00 B7 1B 00 00 0C 99 00 00 01 FF FF 00 00 00 00 00 00 00 00 00 00 00 00 00 15:00:24:368
00 FF FF 00 01 21 00 08 00 06 00 00 00 00 08 00 00 00 00 00 00 0D 95 00 00 01 FF FF 00 00 00 00 00 00 00 00 00 00 00 00 00 15:00:24:603
00 FF FF 00 00 21 00 08 08 01 00 00 00 00 00 00 00 00 01 00 00 0B BB 00 00 00 00 00 00 00 00 00 00 00 00 00 00 00 00 00 00 15:04:40:032
00 FF FF 00 00 21 00 08 07 01 00 01 00 01 00 00 00 00 05 00 00 0B C4 00 00 00 00 00 00 00 00 00 00 00 00 00 00 00 00 00 00 15:04:40:034
00 FF FF 00 00 21 00 08 06 01 00 02 00 02 00 00 00 00 19 00 00 0B CF 00 00 00 00 00 00 00 00 00 00 00 00 00 00 00 00 00 00 15:04:40:036
00 FF FF 00 00 21 00 08 05 01 00 03 00 03 00 00 00 00 7D 00 00 0B DB 00 00 00 00 00 00 00 00 00 00 00 00 00 00 00 00 00 00 15:04:40:037
00 FF FF 00 00 21 00 08 04 01 00 04 00 04 00 00 00 02 71 00 00 0B E7 00 00 00 00 00 00 00 00 00 00 00 00 00 00 00 00 00 00 15:04:40:047
00 FF FF 00 00 21 00 08 03 01 00 05 00 05 00 00 00 0C 35 00 00 0B F2 00 00 00 00 00 00 00 00 00 00 00 00 00 00 00 00 00 00 15:04:40:091
00 FF FF 00 00 21 00 08 02 01 00 06 00 06 00 00 00 3D 09 00 00 0B FE 00 00 00 00 00 00 00 00 00 00 00 00 00 00 00 00 00 00 15:04:40:092
00 FF FF 00 00 21 00 08 01 01 00 07 00 07 00 00 01 31 2D 00 00 0C 09 00 00 00 00 00 00 00 00 00 00 00 00 00 00 00 00 00 00 15:04:40:093
00 FF FF 00 00 21 00 08 08 01 00 00 00 00 00 00 00 00 01 00 00 0B BB 00 00 00 00 00 00 00 00 00 00 00 00 00 00 00 00 00 00 15:04:43:944
00 FF FF 00 00 21 00 08 07 01 00 01 00 01 00 00 00 00 05 00 00 0B C4 00 00 00 00 00 00 00 00 00 00 00 00 00 00 00 00 00 00 15:04:43:989
00 FF FF 00 00 21 00 08 06 01 00 02 00 02 00 00 00 00 19 00 00 0B CF 00 00 00 00 00 00 00 00 00 00 00 00 00 00 00 00 00 00 15:04:43:990
00 FF FF 00 00 21 00 08 05 01 00 03 00 03 00 00 00 00 7D 00 00 0B DB 00 00 00 00 00 00 00 00 00 00 00 00 00 00 00 00 00 00 15:04:43:991
00 FF FF 00 00 21 00 08 04 01 00 04 00 04 00 00 00 02 71 00 00 0B E6 00 00 00 00 00 00 00 00 00 00 00 00 00 00 00 00 00 00 15:04:43:992
00 FF FF 00 00 21 00 08 03 01 00 05 00 05 00 00 00 0C 35 00 00 0B F2 00 00 00 00 00 00 00 00 00 00 00 00 00 00 00 00 00 00 15:04:44:002
00 FF FF 00 00 21 00 08 02 01 00 06 00 06 00 00 00 3D 09 00 00 0B FD 00 00 00 00 00 00 00 00 00 00 00 00 00 00 00 00 00 00 15:04:44:032
00 FF FF 00 00 21 00 08 01 01 00 07 00 07 00 00 01 31 2D 00 00 0C 09 00 00 00 00 00 00 00 00 00 00 00 00 00 00 00 00 00 00 15:04:44:033
00 FF FF 00 00 21 00 08 08 01 00 00 00 00 00 00 00 00 01 00 00 0B BB 00 00 00 00 00 00 00 00 00 00 00 00 00 00 00 00 00 00 15:05:13:839
00 FF FF 00 00 21 00 08 07 01 00 01 00 01 00 00 00 00 05 00 00 0B C4 00 00 00 00 00 00 00 00 00 00 00 00 00 00 00 00 00 00 15:05:13:841
00 FF FF 00 00 21 00 08 06 01 00 02 00 02 00 00 00 00 19 00 00 0B CF 00 00 00 00 00 00 00 00 00 00 00 00 00 00 00 00 00 00 15:05:13:842
00 FF FF 00 00 21 00 08 05 01 00 03 00 03 00 00 00 00 7D 00 00 0B DB 00 00 00 00 00 00 00 00 00 00 00 00 00 00 00 00 00 00 15:05:13:843
00 FF FF 00 00 21 00 08 04 01 00 04 00 04 00 00 00 02 71 00 00 0B E7 00 00 00 00 00 00 00 00 00 00 00 00 00 00 00 00 00 00 15:05:13:852
00 FF FF 00 00 21 00 08 03 01 00 05 00 05 00 00 00 0C 35 00 00 0B F2 00 00 00 00 00 00 00 00 00 00 00 00 00 00 00 00 00 00 15:05:13:897
00 FF FF 00 00 21 00 08 02 01 00 06 00 06 00 00 00 3D 09 00 00 0B FE 00 00 00 00 00 00 00 00 00 00 00 00 00 00 00 00 00 00 15:05:13:898
00 FF FF 00 00 21 00 08 01 01 00 07 00 07 00 00 01 31 2D 00 00 0C 09 00 00 00 00 00 00 00 00 00 00 00 00 00 00 00 00 00 00 15:05:13:899
00 FF FF 00 01 21 00 08 04 02 00 00 00 01 00 00 00 00 00 00 00 6D A4 00 00 01 FF FF 00 00 00 00 00 00 00 00 00 00 00 00 00 15:05:14:022
00 FF FF 00 01 21 00 08 03 02 00 02 00 03 00 00 00 00 00 00 00 6D AC 00 00 01 FF FF 00 00 00 00 00 00 00 00 00 00 00 00 00 15:05:14:038
00 FF FF 00 01 21 00 08 02 02 00 04 00 05 00 00 00 00 00 00 00 6D B8 00 00 01 FF FF 00 00 00 00 00 00 00 00 00 00 00 00 00 15:05:14:071
00 FF FF 00 01 21 00 08 01 02 00 06 00 07 00 00 00 F4 24 00 00 6D C3 00 00 01 FF FF 00 00 00 00 00 00 00 00 00 00 00 00 00 15:05:14:072
00 FF FF 00 01 21 00 08 00 06 00 00 00 00 08 00 00 00 00 00 00 6E 87 00 00 01 FF FF 00 00 00 00 00 00 00 00 00 00 00 00 00 15:05:14:243
00 FF FF 00 00 21 00 08 08 01 00 00 00 00 00 00 00 00 01 00 00 0B BB 00 00 00 00 00 00 00 00 00 00 00 00 00 00 00 00 00 00 15:05:32:940
00 FF FF 00 00 21 00 08 07 01 00 01 00 01 00 00 00 00 05 00 00 0B C4 00 00 00 00 00 00 00 00 00 00 00 00 00 00 00 00 00 00 15:05:32:985
00 FF FF 00 00 21 00 08 06 01 00 02 00 02 00 00 00 00 19 00 00 0B CF 00 00 00 00 00 00 00 00 00 00 00 00 00 00 00 00 00 00 15:05:32:986
00 FF FF 00 00 21 00 08 05 01 00 03 00 03 00 00 00 00 7D 00 00 0B DB 00 00 00 00 00 00 00 00 00 00 00 00 00 00 00 00 00 00 15:05:32:987
00 FF FF 00 00 21 00 08 04 01 00 04 00 04 00 00 00 02 71 00 00 0B E6 00 00 00 00 00 00 00 00 00 00 00 00 00 00 00 00 00 00 15:05:32:988
00 FF FF 00 00 21 00 08 03 01 00 05 00 05 00 00 00 0C 35 00 00 0B F2 00 00 00 00 00 00 00 00 00 00 00 00 00 00 00 00 00 00 15:05:33:028
00 FF FF 00 00 21 00 08 02 01 00 06 00 06 00 00 00 3D 09 00 00 0B FD 00 00 00 00 00 00 00 00 00 00 00 00 00 00 00 00 00 00 15:05:33:029
00 FF FF 00 00 21 00 08 01 01 00 07 00 07 00 00 01 31 2D 00 00 0C 09 00 00 00 00 00 00 00 00 00 00 00 00 00 00 00 00 00 00 15:05:33:030
00 FF FF 00 02 21 00 08 04 02 00 00 00 01 00 00 00 00 03 00 00 0D 0E 00 00 02 FF FF 00 00 00 00 00 00 00 00 00 00 00 00 00 15:05:33:193
00 FF FF 00 01 21 00 08 04 02 00 00 00 01 00 00 00 00 02 00 00 0C BA 00 00 01 FF FF 00 00 00 00 00 00 00 00 00 00 00 00 00 15:05:33:194
00 FF FF 00 02 21 00 08 03 02 00 02 00 03 00 00 00 00 32 00 00 0D 1E 00 00 02 FF FF 00 00 00 00 00 00 00 00 00 00 00 00 00 15:05:33:195
00 FF FF 00 01 21 00 08 03 02 00 02 00 03 00 00 00 00 4B 00 00 0C CE 00 00 01 FF FF 00 00 00 00 00 00 00 00 00 00 00 00 00 15:05:33:196
00 FF FF 00 02 21 00 08 02 02 00 04 00 05 00 00 00 02 71 00 00 0D 2C 00 00 02 FF FF 00 00 00 00 00 00 00 00 00 00 00 00 00 15:05:33:197
00 FF FF 00 01 21 00 08 02 02 00 04 00 05 00 00 00 07 53 00 00 0C DD 00 00 01 FF FF 00 00 00 00 00 00 00 00 00 00 00 00 00 15:05:33:198
00 FF FF 00 02 21 00 08 01 02 00 06 00 07 00 00 00 3D 09 00 00 0D 3B 00 00 02 FF FF 00 00 00 00 00 00 00 00 00 00 00 00 00 15:05:33:199
00 FF FF 00 01 21 00 08 01 02 00 06 00 07 00 00 00 7A 12 00 00 0C EC 00 00 01 FF FF 00 00 00 00 00 00 00 00 00 00 00 00 00 15:05:33:200
00 FF FF 00 01 21 00 08 00 06 00 00 00 00 08 00 00 00 00 00 00 0D B0 00 00 01 FF FF 00 00 00 00 00 00 00 00 00 00 00 00 00 15:05:33:363
00 FF FF 00 02 21 00 08 00 06 00 00 00 00 08 00 00 00 00 00 00 0E 17 00 00 02 FF FF 00 00 00 00 00 00 00 00 00 00 00 00 00 15:05:33:378
