00 FF FF 00 00 21 00 08 08 01 00 00 00 00 00 00 00 00 01 00 00 0B BB 00 00 00 00 00 00 00 00 00 00 00 00 00 00 00 00 00 00 14:00:37:956
00 FF FF 00 00 21 00 08 07 01 00 01 00 01 00 00 00 00 05 00 00 0B C4 00 00 00 00 00 00 00 00 00 00 00 00 00 00 00 00 00 00 14:00:37:957
00 FF FF 00 00 21 00 08 06 01 00 02 00 02 00 00 00 00 19 00 00 0B CF 00 00 00 00 00 00 00 00 00 00 00 00 00 00 00 00 00 00 14:00:37:986
00 FF FF 00 00 21 00 08 05 01 00 03 00 03 00 00 00 00 7D 00 00 0B DB 00 00 00 00 00 00 00 00 00 00 00 00 00 00 00 00 00 00 14:00:37:988
00 FF FF 00 00 21 00 08 04 01 00 04 00 04 00 00 00 02 71 00 00 0B E6 00 00 00 00 00 00 00 00 00 00 00 00 00 00 00 00 00 00 14:00:37:991
00 FF FF 00 00 21 00 08 03 01 00 05 00 05 00 00 00 0C 35 00 00 0B F2 00 00 00 00 00 00 00 00 00 00 00 00 00 00 00 00 00 00 14:00:37:993
00 FF FF 00 00 21 00 08 02 01 00 06 00 06 00 00 00 3D 09 00 00 0B FD 00 00 00 00 00 00 00 00 00 00 00 00 00 00 00 00 00 00 14:00:38:002
00 FF FF 00 00 21 00 08 01 01 00 07 00 07 00 00 01 31 2D 00 00 0C 09 00 00 00 00 00 00 00 00 00 00 00 00 00 00 00 00 00 00 14:00:38:017
00 FF FF 00 03 21 00 08 04 02 00 00 00 01 00 00 00 00 02 00 00 0B A9 00 00 03 FF FF 00 00 00 00 00 00 00 00 00 00 00 00 00 14:00:38:099
00 FF FF 00 03 21 00 08 03 02 00 02 00 03 00 00 00 00 00 00 00 0B B5 00 00 03 FF FF 00 00 00 00 00 00 00 00 00 00 00 00 00 14:00:38:115
00 FF FF 00 03 21 00 08 02 02 00 04 00 05 00 00 00 09 C4 00 00 0B C0 00 00 03 FF FF 00 00 00 00 00 00 00 00 00 00 00 00 00 14:00:38:155
00 FF FF 00 03 21 00 08 01 02 00 06 00 07 00 00 00 F4 24 00 00 0B CC 00 00 03 FF FF 00 00 00 00 00 00 00 00 00 00 00 00 00 14:00:38:158
00 FF FF 00 01 21 00 08 04 02 00 00 00 01 00 00 00 00 01 00 00 0B 00 00 00 01 FF FF 00 00 00 00 00 00 00 00 00 00 00 00 00 14:00:38:162
00 FF FF 00 01 21 00 08 03 02 00 02 00 03 00 00 00 00 4B 00 00 0B 0F 00 00 01 FF FF 00 00 00 00 00 00 00 00 00 00 00 00 00 14:00:38:166
00 FF FF 00 01 21 00 08 02 02 00 04 00 05 00 00 00 00 00 00 00 0B 1B 00 00 01 FF FF 00 00 00 00 00 00 00 00 00 00 00 00 00 14:00:38:185
00 FF FF 00 01 21 00 08 01 02 00 06 00 07 00 00 00 00 00 00 00 0B 27 00 00 01 FF FF 00 00 00 00 00 00 00 00 00 00 00 00 00 14:00:38:187
00 FF FF 00 02 21 00 08 04 02 00 00 00 01 00 00 00 00 02 00 00 0C 7A 00 00 02 FF FF 00 00 00 00 00 00 00 00 00 00 00 00 00 14:00:38:212
00 FF FF 00 02 21 00 08 03 02 00 02 00 03 00 00 00 00 4B 00 00 0C A8 00 00 02 FF FF 00 00 00 00 00 00 00 00 00 00 00 00 00 14:00:38:214
00 FF FF 00 02 21 00 08 02 02 00 04 00 05 00 00 00 07 53 00 00 0C B3 00 00 02 FF FF 00 00 00 00 00 00 00 00 00 00 00 00 00 14:00:38:216
00 FF FF 00 02 21 00 08 01 02 00 06 00 07 00 00 00 3D 09 00 00 0C BF 00 00 02 FF FF 00 00 00 00 00 00 00 00 00 00 00 00 00 14:00:38:228
00 FF FF 00 01 21 00 08 00 06 00 00 00 00 08 00 00 00 00 00 00 0B E8 00 00 01 FF FF 00 00 00 00 00 00 00 00 00 00 00 00 00 14:00:38:372
00 FF FF 00 03 21 00 08 00 06 00 00 00 00 08 00 00 00 00 00 00 0C B8 00 00 03 FF FF 00 00 00 00 00 00 00 00 00 00 00 00 00 14:00:38:374
00 FF FF 00 02 21 00 08 00 06 00 00 00 00 08 00 00 00 00 00 00 0D 70 00 00 02 FF FF 00 00 00 00 00 00 00 00 00 00 00 00 00 14:00:38:403
