00 FF FF 00 00 21 00 08 08 01 00 00 00 00 00 00 00 00 01 00 00 0B BB 00 00 00 00 00 00 00 00 00 00 00 00 00 00 00 00 00 00 14:25:20:707
00 FF FF 00 00 21 00 08 07 01 00 01 00 01 00 00 00 00 05 00 00 0B C4 00 00 00 00 00 00 00 00 00 00 00 00 00 00 00 00 00 00 14:25:20:709
00 FF FF 00 00 21 00 08 06 01 00 02 00 02 00 00 00 00 19 00 00 0B CF 00 00 00 00 00 00 00 00 00 00 00 00 00 00 00 00 00 00 14:25:20:711
00 FF FF 00 00 21 00 08 05 01 00 03 00 03 00 00 00 00 7D 00 00 0B DB 00 00 00 00 00 00 00 00 00 00 00 00 00 00 00 00 00 00 14:25:20:712
00 FF FF 00 00 21 00 08 04 01 00 04 00 04 00 00 00 02 71 00 00 0B E6 00 00 00 00 00 00 00 00 00 00 00 00 00 00 00 00 00 00 14:25:20:719
00 FF FF 00 00 21 00 08 03 01 00 05 00 05 00 00 00 0C 35 00 00 0B F2 00 00 00 00 00 00 00 00 00 00 00 00 00 00 00 00 00 00 14:25:20:761
00 FF FF 00 00 21 00 08 02 01 00 06 00 06 00 00 00 3D 09 00 00 0B FD 00 00 00 00 00 00 00 00 00 00 00 00 00 00 00 00 00 00 14:25:20:763
00 FF FF 00 00 21 00 08 01 01 00 07 00 07 00 00 01 31 2D 00 00 0C 09 00 00 00 00 00 00 00 00 00 00 00 00 00 00 00 00 00 00 14:25:20:764
00 FF FF 00 03 21 00 08 04 02 00 00 00 01 00 00 00 00 00 00 00 29 4E 00 00 03 FF FF 00 00 00 00 00 00 00 00 00 00 00 00 00 14:25:20:840
00 FF FF 00 03 21 00 08 03 02 00 02 00 03 00 00 00 00 64 00 00 29 58 00 00 03 FF FF 00 00 00 00 00 00 00 00 00 00 00 00 00 14:25:20:884
00 FF FF 00 03 21 00 08 02 02 00 04 00 05 00 00 00 09 C4 00 00 29 64 00 00 03 FF FF 00 00 00 00 00 00 00 00 00 00 00 00 00 14:25:20:886
00 FF FF 00 03 21 00 08 01 02 00 06 00 07 00 00 00 7A 12 00 00 29 70 00 00 03 FF FF 00 00 00 00 00 00 00 00 00 00 00 00 00 14:25:20:887
00 FF FF 00 03 21 00 08 00 06 00 00 00 00 08 00 00 00 00 00 00 2A 52 00 00 03 FF FF 00 00 00 00 00 00 00 00 00 00 00 00 00 14:25:21:091
00 FF FF 00 00 21 00 08 08 01 00 00 00 00 00 00 00 00 01 00 00 0B BB 00 00 00 00 00 00 00 00 00 00 00 00 00 00 00 00 00 00 14:26:28:809
00 FF FF 00 00 21 00 08 07 01 00 01 00 01 00 00 00 00 05 00 00 0B C4 00 00 00 00 00 00 00 00 00 00 00 00 00 00 00 00 00 00 14:26:28:858
00 FF FF 00 00 21 00 08 06 01 00 02 00 02 00 00 00 00 19 00 00 0B CF 00 00 00 00 00 00 00 00 00 00 00 00 00 00 00 00 00 00 14:26:28:860
00 FF FF 00 00 21 00 08 05 01 00 03 00 03 00 00 00 00 7D 00 00 0B DB 00 00 00 00 00 00 00 00 00 00 00 00 00 00 00 00 00 00 14:26:28:861
00 FF FF 00 00 21 00 08 04 01 00 04 00 04 00 00 00 02 71 00 00 0B E6 00 00 00 00 00 00 00 00 00 00 00 00 00 00 00 00 00 00 14:26:28:863
00 FF FF 00 00 21 00 08 03 01 00 05 00 05 00 00 00 0C 35 00 00 0B F2 00 00 00 00 00 00 00 00 00 00 00 00 00 00 00 00 00 00 14:26:28:868
00 FF FF 00 00 21 00 08 02 01 00 06 00 06 00 00 00 3D 09 00 00 0B FE 00 00 00 00 00 00 00 00 00 00 00 00 00 00 00 00 00 00 14:26:28:898
00 FF FF 00 00 21 00 08 01 01 00 07 00 07 00 00 01 31 2D 00 00 0C 09 00 00 00 00 00 00 00 00 00 00 00 00 00 00 00 00 00 00 14:26:28:900
00 FF FF 00 02 21 00 08 04 02 00 00 00 01 00 00 00 00 00 00 00 43 0E 00 00 02 FF FF 00 00 00 00 00 00 00 00 00 00 00 00 00 14:26:29:009
00 FF FF 00 02 21 00 08 03 02 00 02 00 03 00 00 00 00 00 00 00 43 1C 00 00 02 FF FF 00 00 00 00 00 00 00 00 00 00 00 00 00 14:26:29:010
00 FF FF 00 02 21 00 08 02 02 00 04 00 05 00 00 00 09 C4 00 00 43 28 00 00 02 FF FF 00 00 00 00 00 00 00 00 00 00 00 00 00 14:26:29:052
00 FF FF 00 02 21 00 08 01 02 00 06 00 07 00 00 00 B7 1B 00 00 43 33 00 00 02 FF FF 00 00 00 00 00 00 00 00 00 00 00 00 00 14:26:29:053
00 FF FF 00 03 21 00 08 04 02 00 00 00 01 00 00 00 00 01 00 00 35 69 00 00 03 FF FF 00 00 00 00 00 00 00 00 00 00 00 00 00 14:26:29:054
00 FF FF 00 03 21 00 08 03 02 00 02 00 03 00 00 00 00 19 00 00 35 7B 00 00 03 FF FF 00 00 00 00 00 00 00 00 00 00 00 00 00 14:26:29:055
00 FF FF 00 03 21 00 08 02 02 00 04 00 05 00 00 00 04 E2 00 00 35 86 00 00 03 FF FF 00 00 00 00 00 00 00 00 00 00 00 00 00 14:26:29:066
00 FF FF 00 03 21 00 08 01 02 00 06 00 07 00 00 00 3D 09 00 00 35 92 00 00 03 FF FF 00 00 00 00 00 00 00 00 00 00 00 00 00 14:26:29:081
00 FF FF 00 03 21 00 08 00 06 00 00 00 00 08 00 00 00 00 00 00 36 45 00 00 03 FF FF 00 00 00 00 00 00 00 00 00 00 00 00 00 14:26:29:241
00 FF FF 00 02 21 00 08 00 06 00 00 00 00 08 00 00 00 00 00 00 44 2B 00 00 02 FF FF 00 00 00 00 00 00 00 00 00 00 00 00 00 14:26:29:274
00 FF FF 00 00 21 00 08 08 01 00 00 00 00 00 00 00 00 01 00 00 0B BB 00 00 00 00 00 00 00 00 00 00 00 00 00 00 00 00 00 00 14:29:51:606
00 FF FF 00 00 21 00 08 07 01 00 01 00 01 00 00 00 00 05 00 00 0B C4 00 00 00 00 00 00 00 00 00 00 00 00 00 00 00 00 00 00 14:29:51:607
00 FF FF 00 00 21 00 08 06 01 00 02 00 02 00 00 00 00 19 00 00 0B CF 00 00 00 00 00 00 00 00 00 00 00 00 00 00 00 00 00 00 14:29:51:608
00 FF FF 00 00 21 00 08 05 01 00 03 00 03 00 00 00 00 7D 00 00 0B DB 00 00 00 00 00 00 00 00 00 00 00 00 00 00 00 00 00 00 14:29:51:620
00 FF FF 00 00 21 00 08 04 01 00 04 00 04 00 00 00 02 71 00 00 0B E6 00 00 00 00 00 00 00 00 00 00 00 00 00 00 00 00 00 00 14:29:51:665
00 FF FF 00 00 21 00 08 03 01 00 05 00 05 00 00 00 0C 35 00 00 0B F2 00 00 00 00 00 00 00 00 00 00 00 00 00 00 00 00 00 00 14:29:51:666
00 FF FF 00 00 21 00 08 02 01 00 06 00 06 00 00 00 3D 09 00 00 0B FD 00 00 00 00 00 00 00 00 00 00 00 00 00 00 00 00 00 00 14:29:51:667
00 FF FF 00 00 21 00 08 01 01 00 07 00 07 00 00 01 31 2D 00 00 0C 09 00 00 00 00 00 00 00 00 00 00 00 00 00 00 00 00 00 00 14:29:51:668
00 FF FF 00 02 21 00 08 04 02 00 00 00 01 00 00 00 00 04 00 02 8B 4A 00 00 02 FF FF 00 00 00 00 00 00 00 00 00 00 00 00 00 14:29:51:774
00 FF FF 00 02 21 00 08 03 02 00 02 00 03 00 00 00 00 4B 00 02 8B 54 00 00 02 FF FF 00 00 00 00 00 00 00 00 00 00 00 00 00 14:29:51:820
00 FF FF 00 02 21 00 08 02 02 00 04 00 05 00 00 00 09 C4 00 02 8B 60 00 00 02 FF FF 00 00 00 00 00 00 00 00 00 00 00 00 00 14:29:51:821
00 FF FF 00 02 21 00 08 01 02 00 06 00 07 00 00 00 F4 24 00 02 8B 6C 00 00 02 FF FF 00 00 00 00 00 00 00 00 00 00 00 00 00 14:29:51:822
00 FF FF 00 03 21 00 08 04 02 00 00 00 01 00 00 00 00 03 00 02 83 4B 00 00 03 FF FF 00 00 00 00 00 00 00 00 00 00 00 00 00 14:29:51:823
00 FF FF 00 03 21 00 08 03 02 00 02 00 03 00 00 00 00 64 00 02 83 78 00 00 03 FF FF 00 00 00 00 00 00 00 00 00 00 00 00 00 14:29:51:833
00 FF FF 00 03 21 00 08 02 02 00 04 00 05 00 00 00 09 C4 00 02 83 84 00 00 03 FF FF 00 00 00 00 00 00 00 00 00 00 00 00 00 14:29:51:863
00 FF FF 00 03 21 00 08 01 02 00 06 00 07 00 00 00 7A 12 00 02 83 90 00 00 03 FF FF 00 00 00 00 00 00 00 00 00 00 00 00 00 14:29:51:864
00 FF FF 00 02 21 00 08 00 06 00 00 00 00 08 00 00 00 00 00 02 8C 4E 00 00 02 FF FF 00 00 00 00 00 00 00 00 00 00 00 00 00 14:29:52:038
00 FF FF 00 03 21 00 08 00 06 00 00 00 00 08 00 00 00 00 00 02 84 5C 00 00 03 FF FF 00 00 00 00 00 00 00 00 00 00 00 00 00 14:29:52:054
00 FF FF 00 00 21 00 08 08 01 00 00 00 00 00 00 00 00 01 00 00 0B BB 00 00 00 00 00 00 00 00 00 00 00 00 00 00 00 00 00 00 14:31:40:516
00 FF FF 00 00 21 00 08 07 01 00 01 00 01 00 00 00 00 05 00 00 0B C4 00 00 00 00 00 00 00 00 00 00 00 00 00 00 00 00 00 00 14:31:40:518
00 FF FF 00 00 21 00 08 06 01 00 02 00 02 00 00 00 00 19 00 00 0B CF 00 00 00 00 00 00 00 00 00 00 00 00 00 00 00 00 00 00 14:31:40:520
00 FF FF 00 00 21 00 08 05 01 00 03 00 03 00 00 00 00 7D 00 00 0B DB 00 00 00 00 00 00 00 00 00 00 00 00 00 00 00 00 00 00 14:31:40:555
00 FF FF 00 00 21 00 08 04 01 00 04 00 04 00 00 00 02 71 00 00 0B E6 00 00 00 00 00 00 00 00 00 00 00 00 00 00 00 00 00 00 14:31:40:556
00 FF FF 00 00 21 00 08 03 01 00 05 00 05 00 00 00 0C 35 00 00 0B F2 00 00 00 00 00 00 00 00 00 00 00 00 00 00 00 00 00 00 14:31:40:558
00 FF FF 00 00 21 00 08 02 01 00 06 00 06 00 00 00 3D 09 00 00 0B FE 00 00 00 00 00 00 00 00 00 00 00 00 00 00 00 00 00 00 14:31:40:560
00 FF FF 00 00 21 00 08 01 01 00 07 00 07 00 00 01 31 2D 00 00 0C 09 00 00 00 00 00 00 00 00 00 00 00 00 00 00 00 00 00 00 14:31:40:581
00 FF FF 00 03 21 00 08 04 02 00 00 00 01 00 00 00 00 02 00 00 2D D2 00 00 03 FF FF 00 00 00 00 00 00 00 00 00 00 00 00 00 14:31:40:692
00 FF FF 00 03 21 00 08 03 02 00 02 00 03 00 00 00 00 4B 00 00 2D DF 00 00 03 FF FF 00 00 00 00 00 00 00 00 00 00 00 00 00 14:31:40:694
00 FF FF 00 03 21 00 08 02 02 00 04 00 05 00 00 00 07 53 00 00 2D EB 00 00 03 FF FF 00 00 00 00 00 00 00 00 00 00 00 00 00 14:31:40:709
00 FF FF 00 03 21 00 08 01 02 00 06 00 07 00 00 00 F4 24 00 00 2D F6 00 00 03 FF FF 00 00 00 00 00 00 00 00 00 00 00 00 00 14:31:40:724
00 FF FF 00 02 21 00 08 04 02 00 00 00 01 00 00 00 00 03 00 00 28 03 00 00 02 FF FF 00 00 00 00 00 00 00 00 00 00 00 00 00 14:31:40:753
00 FF FF 00 02 21 00 08 03 02 00 02 00 03 00 00 00 00 00 00 00 28 37 00 00 02 FF FF 00 00 00 00 00 00 00 00 00 00 00 00 00 14:31:40:754
00 FF FF 00 02 21 00 08 02 02 00 04 00 05 00 00 00 02 71 00 00 28 42 00 00 02 FF FF 00 00 00 00 00 00 00 00 00 00 00 00 00 14:31:40:755
00 FF FF 00 02 21 00 08 01 02 00 06 00 07 00 00 00 00 00 00 00 28 4E 00 00 02 FF FF 00 00 00 00 00 00 00 00 00 00 00 00 00 14:31:40:768
00 FF FF 00 02 21 00 08 00 06 00 00 00 00 08 00 00 00 00 00 00 29 09 00 00 02 FF FF 00 00 00 00 00 00 00 00 00 00 00 00 00 14:31:40:959
00 FF FF 00 03 21 00 08 00 06 00 00 00 00 08 00 00 00 00 00 00 2E E2 00 00 03 FF FF 00 00 00 00 00 00 00 00 00 00 00 00 00 14:31:40:960
00 FF FF 00 00 21 00 08 08 01 00 00 00 00 00 00 00 00 01 00 00 0B BB 00 00 00 00 00 00 00 00 00 00 00 00 00 00 00 00 00 00 14:45:07:404
00 FF FF 00 00 21 00 08 07 01 00 01 00 01 00 00 00 00 05 00 00 0B C4 00 00 00 00 00 00 00 00 00 00 00 00 00 00 00 00 00 00 14:45:07:406
00 FF FF 00 00 21 00 08 06 01 00 02 00 02 00 00 00 00 19 00 00 0B D0 00 00 00 00 00 00 00 00 00 00 00 00 00 00 00 00 00 00 14:45:07:407
00 FF FF 00 00 21 00 08 05 01 00 03 00 03 00 00 00 00 7D 00 00 0B DB 00 00 00 00 00 00 00 00 00 00 00 00 00 00 00 00 00 00 14:45:07:409
00 FF FF 00 00 21 00 08 04 01 00 04 00 04 00 00 00 02 71 00 00 0B E7 00 00 00 00 00 00 00 00 00 00 00 00 00 00 00 00 00 00 14:45:07:416
00 FF FF 00 00 21 00 08 03 01 00 05 00 05 00 00 00 0C 35 00 00 0B F3 00 00 00 00 00 00 00 00 00 00 00 00 00 00 00 00 00 00 14:45:07:459
00 FF FF 00 00 21 00 08 02 01 00 06 00 06 00 00 00 3D 09 00 00 0B FF 00 00 00 00 00 00 00 00 00 00 00 00 00 00 00 00 00 00 14:45:07:461
00 FF FF 00 00 21 00 08 01 01 00 07 00 07 00 00 01 31 2D 00 00 0C 0A 00 00 00 00 00 00 00 00 00 00 00 00 00 00 00 00 00 00 14:45:07:462
