00 FF FF 00 00 21 00 08 08 01 00 00 00 00 00 00 00 00 01 00 00 0B BB 00 00 00 00 00 00 00 00 00 00 00 00 00 00 00 00 00 00 20:00:43:819
00 FF FF 00 00 21 00 08 07 01 00 01 00 01 00 00 00 00 05 00 00 0B C4 00 00 00 00 00 00 00 00 00 00 00 00 00 00 00 00 00 00 20:00:43:832
00 FF FF 00 00 21 00 08 06 01 00 02 00 02 00 00 00 00 19 00 00 0B CF 00 00 00 00 00 00 00 00 00 00 00 00 00 00 00 00 00 00 20:00:43:876
00 FF FF 00 00 21 00 08 05 01 00 03 00 03 00 00 00 00 7D 00 00 0B DB 00 00 00 00 00 00 00 00 00 00 00 00 00 00 00 00 00 00 20:00:43:878
00 FF FF 00 00 21 00 08 04 01 00 04 00 04 00 00 00 02 71 00 00 0B E6 00 00 00 00 00 00 00 00 00 00 00 00 00 00 00 00 00 00 20:00:43:880
00 FF FF 00 00 21 00 08 03 01 00 05 00 05 00 00 00 0C 35 00 00 0B F2 00 00 00 00 00 00 00 00 00 00 00 00 00 00 00 00 00 00 20:00:43:881
00 FF FF 00 00 21 00 08 02 01 00 06 00 06 00 00 00 3D 09 00 00 0B FD 00 00 00 00 00 00 00 00 00 00 00 00 00 00 00 00 00 00 20:00:43:891
00 FF FF 00 00 21 00 08 01 01 00 07 00 07 00 00 01 31 2D 00 00 0C 09 00 00 00 00 00 00 00 00 00 00 00 00 00 00 00 00 00 00 20:00:43:906
00 FF FF 00 01 21 00 08 04 02 00 00 00 01 00 00 00 00 01 00 00 0A 3D 00 00 01 FF FF 00 00 00 00 00 00 00 00 00 00 00 00 00 20:00:44:019
00 FF FF 00 02 21 00 08 04 02 00 00 00 01 00 00 00 00 01 00 00 0B 01 00 00 02 FF FF 00 00 00 00 00 00 00 00 00 00 00 00 00 20:00:44:112
00 FF FF 00 01 21 00 08 03 02 00 02 00 03 00 00 00 00 4B 00 00 0A 4B 00 00 01 FF FF 00 00 00 00 00 00 00 00 00 00 00 00 00 20:00:44:114
00 FF FF 00 02 21 00 08 03 02 00 02 00 03 00 00 00 00 4B 00 00 0B 0B 00 00 02 FF FF 00 00 00 00 00 00 00 00 00 00 00 00 00 20:00:44:116
00 FF FF 00 01 21 00 08 02 02 00 04 00 05 00 00 00 04 E2 00 00 0A 5A 00 00 01 FF FF 00 00 00 00 00 00 00 00 00 00 00 00 00 20:00:44:118
00 FF FF 00 02 21 00 08 02 02 00 04 00 05 00 00 00 00 00 00 00 0B 1A 00 00 02 FF FF 00 00 00 00 00 00 00 00 00 00 00 00 00 20:00:44:120
00 FF FF 00 01 21 00 08 01 02 00 06 00 07 00 00 00 7A 12 00 00 0A 69 00 00 01 FF FF 00 00 00 00 00 00 00 00 00 00 00 00 00 20:00:44:122
00 FF FF 00 02 21 00 08 01 02 00 06 00 07 00 00 00 00 00 00 00 0B 2A 00 00 02 FF FF 00 00 00 00 00 00 00 00 00 00 00 00 00 20:00:44:124
00 FF FF 00 03 21 00 08 04 02 00 00 00 01 00 00 00 00 01 00 00 0A FE 00 00 03 FF FF 00 00 00 00 00 00 00 00 00 00 00 00 00 20:00:44:126
00 FF FF 00 03 21 00 08 03 02 00 02 00 03 00 00 00 00 64 00 00 0B 2B 00 00 03 FF FF 00 00 00 00 00 00 00 00 00 00 00 00 00 20:00:44:128
00 FF FF 00 03 21 00 08 02 02 00 04 00 05 00 00 00 00 00 00 00 0B 37 00 00 03 FF FF 00 00 00 00 00 00 00 00 00 00 00 00 00 20:00:44:131
00 FF FF 00 03 21 00 08 01 02 00 06 00 07 00 00 00 00 00 00 00 0B 42 00 00 03 FF FF 00 00 00 00 00 00 00 00 00 00 00 00 00 20:00:44:132
00 FF FF 00 02 21 00 08 00 06 00 00 00 00 08 00 00 00 00 00 00 0B E8 00 00 02 FF FF 00 00 00 00 00 00 00 00 00 00 00 00 00 20:00:44:260
00 FF FF 00 03 21 00 08 00 06 00 00 00 00 08 00 00 00 00 00 00 0B E0 00 00 03 FF FF 00 00 00 00 00 00 00 00 00 00 00 00 00 20:00:44:286
00 FF FF 00 01 21 00 08 00 06 00 00 00 00 08 00 00 00 00 00 00 0B 47 00 00 01 FF FF 00 00 00 00 00 00 00 00 00 00 00 00 00 20:00:44:288
