00 FF FF 00 00 21 00 08 08 01 00 00 00 00 00 00 00 00 01 00 00 0B BB 00 00 00 00 00 00 00 00 00 00 00 00 00 00 00 00 00 00 17:51:45:082
00 FF FF 00 00 21 00 08 07 01 00 01 00 01 00 00 00 00 05 00 00 0B C4 00 00 00 00 00 00 00 00 00 00 00 00 00 00 00 00 00 00 17:51:45:083
00 FF FF 00 00 21 00 08 06 01 00 02 00 02 00 00 00 00 19 00 00 0B CF 00 00 00 00 00 00 00 00 00 00 00 00 00 00 00 00 00 00 17:51:45:096
00 FF FF 00 00 21 00 08 05 01 00 03 00 03 00 00 00 00 7D 00 00 0B DB 00 00 00 00 00 00 00 00 00 00 00 00 00 00 00 00 00 00 17:51:45:139
00 FF FF 00 00 21 00 08 04 01 00 04 00 04 00 00 00 02 71 00 00 0B E7 00 00 00 00 00 00 00 00 00 00 00 00 00 00 00 00 00 00 17:51:45:141
00 FF FF 00 00 21 00 08 03 01 00 05 00 05 00 00 00 0C 35 00 00 0B F3 00 00 00 00 00 00 00 00 00 00 00 00 00 00 00 00 00 00 17:51:45:143
00 FF FF 00 00 21 00 08 02 01 00 06 00 06 00 00 00 3D 09 00 00 0B FE 00 00 00 00 00 00 00 00 00 00 00 00 00 00 00 00 00 00 17:51:45:145
00 FF FF 00 00 21 00 08 01 01 00 07 00 07 00 00 01 31 2D 00 00 0C 0A 00 00 00 00 00 00 00 00 00 00 00 00 00 00 00 00 00 00 17:51:45:154
00 FF FF 00 01 21 00 08 04 02 00 00 00 01 00 00 00 00 02 00 00 0D 91 00 00 01 FF FF 00 00 00 00 00 00 00 00 00 00 00 00 00 17:51:45:264
00 FF FF 00 01 21 00 08 03 02 00 02 00 03 00 00 00 00 00 00 00 0D 9F 00 00 01 FF FF 00 00 00 00 00 00 00 00 00 00 00 00 00 17:51:45:266
00 FF FF 00 01 21 00 08 02 02 00 04 00 05 00 00 00 04 E2 00 00 0D AB 00 00 01 FF FF 00 00 00 00 00 00 00 00 00 00 00 00 00 17:51:45:312
00 FF FF 00 02 21 00 08 04 02 00 00 00 01 00 00 00 00 02 00 00 0C 51 00 00 02 FF FF 00 00 00 00 00 00 00 00 00 00 00 00 00 17:51:45:314
00 FF FF 00 01 21 00 08 01 02 00 06 00 07 00 00 00 B7 1B 00 00 0D B7 00 00 01 FF FF 00 00 00 00 00 00 00 00 00 00 00 00 00 17:51:45:316
00 FF FF 00 02 21 00 08 03 02 00 02 00 03 00 00 00 00 64 00 00 0C 5E 00 00 02 FF FF 00 00 00 00 00 00 00 00 00 00 00 00 00 17:51:45:318
00 FF FF 00 02 21 00 08 02 02 00 04 00 05 00 00 00 02 71 00 00 0C 6D 00 00 02 FF FF 00 00 00 00 00 00 00 00 00 00 00 00 00 17:51:45:320
00 FF FF 00 02 21 00 08 01 02 00 06 00 07 00 00 00 B7 1B 00 00 0C 79 00 00 02 FF FF 00 00 00 00 00 00 00 00 00 00 00 00 00 17:51:45:321
00 FF FF 00 02 21 00 08 00 06 00 00 00 00 08 00 00 00 00 00 00 0D 50 00 00 02 FF FF 00 00 00 00 00 00 00 00 00 00 00 00 00 17:51:45:520
00 FF FF 00 01 21 00 08 00 06 00 00 00 00 08 00 00 00 00 00 00 0E BA 00 00 01 FF FF 00 00 00 00 00 00 00 00 00 00 00 00 00 17:51:45:536
00 FF FF 00 03 21 00 08 04 02 00 00 00 01 00 00 00 00 02 00 00 0C FC 00 00 03 FF FF 00 00 00 00 00 00 00 00 00 00 00 00 00 17:51:46:208
00 FF FF 00 03 21 00 08 03 02 00 02 00 03 00 00 00 00 00 00 00 10 DF 00 00 03 FF FF 00 00 00 00 00 00 00 00 00 00 00 00 00 17:51:46:224
00 FF FF 00 03 21 00 08 02 02 00 04 00 05 00 00 00 02 71 00 00 10 EA 00 00 03 FF FF 00 00 00 00 00 00 00 00 00 00 00 00 00 17:51:46:254
00 FF FF 00 03 21 00 08 01 02 00 06 00 07 00 00 00 00 00 00 00 10 F6 00 00 03 FF FF 00 00 00 00 00 00 00 00 00 00 00 00 00 17:51:46:255
