00 FF FF 00 07 20 00 08 01 00 00 00 00 00 00 00 00 01 00 00 00 12 00 00 07 00 00 00 00 00 00 00 00 00 00 00 00 00 00 00 16:30:28:208
00 FF FF 00 07 20 00 08 01 00 01 00 01 00 00 00 00 05 00 00 00 21 00 00 07 00 00 00 00 00 00 00 00 00 00 00 00 00 00 00 16:30:28:236
00 FF FF 00 07 20 00 08 01 00 02 00 02 00 00 00 00 19 00 00 00 36 00 00 07 00 00 00 00 00 00 00 00 00 00 00 00 00 00 00 16:30:28:252
00 FF FF 00 07 20 00 08 01 00 03 00 03 00 00 00 00 7D 00 00 00 4A 00 00 07 00 00 00 00 00 00 00 00 00 00 00 00 00 00 00 16:30:28:268
00 FF FF 00 07 20 00 08 01 00 04 00 04 00 00 00 02 71 00 00 00 5A 00 00 07 00 00 00 00 00 00 00 00 00 00 00 00 00 00 00 16:30:28:284
00 FF FF 00 07 20 00 08 01 00 05 00 05 00 00 00 0C 35 00 00 00 69 00 00 07 00 00 00 00 00 00 00 00 00 00 00 00 00 00 00 16:30:28:300
00 FF FF 00 07 20 00 08 01 00 06 00 06 00 00 00 3D 09 00 00 00 7D 00 00 07 00 00 00 00 00 00 00 00 00 00 00 00 00 00 00 16:30:28:330
00 FF FF 00 07 20 00 08 01 00 07 00 07 00 00 01 31 2D 00 00 00 89 00 00 07 00 00 00 00 00 00 00 00 00 00 00 00 00 00 00 16:30:28:331
00 FF FF 00 07 20 00 08 01 00 08 00 08 00 00 00 00 01 00 00 01 7F 00 00 07 00 00 00 00 00 00 00 00 00 00 00 00 00 00 00 16:30:28:569
00 FF FF 00 07 20 00 08 01 00 09 00 09 00 00 00 00 05 00 00 01 8D 00 00 07 00 00 00 00 00 00 00 00 00 00 00 00 00 00 00 16:30:28:585
00 FF FF 00 07 20 00 08 01 00 0A 00 0A 00 00 00 00 19 00 00 01 9D 00 00 07 00 00 00 00 00 00 00 00 00 00 00 00 00 00 00 16:30:28:617
00 FF FF 00 07 20 00 08 01 00 0B 00 0B 00 00 00 00 7D 00 00 01 AE 00 00 07 00 00 00 00 00 00 00 00 00 00 00 00 00 00 00 16:30:28:618
00 FF FF 00 07 20 00 08 01 00 0C 00 0C 00 00 00 02 71 00 00 01 BB 00 00 07 00 00 00 00 00 00 00 00 00 00 00 00 00 00 00 16:30:28:648
00 FF FF 00 07 20 00 08 01 00 0D 00 0D 00 00 00 0C 35 00 00 01 CC 00 00 07 00 00 00 00 00 00 00 00 00 00 00 00 00 00 00 16:30:28:649
00 FF FF 00 07 20 00 08 01 00 0E 00 0E 00 00 00 3D 09 00 00 01 DA 00 00 07 00 00 00 00 00 00 00 00 00 00 00 00 00 00 00 16:30:28:663
00 FF FF 00 07 20 00 08 01 00 0F 00 0F 00 00 01 31 2D 00 00 01 EC 00 00 07 00 00 00 00 00 00 00 00 00 00 00 00 00 00 00 16:30:28:678
00 FF FF 00 07 20 00 08 01 00 10 00 10 00 00 00 00 01 00 00 02 E2 00 00 07 00 00 00 00 00 00 00 00 00 00 00 00 00 00 00 16:30:28:931
00 FF FF 00 07 20 00 08 01 00 11 00 11 00 00 00 00 05 00 00 02 F0 00 00 07 00 00 00 00 00 00 00 00 00 00 00 00 00 00 00 16:30:28:933
00 FF FF 00 07 20 00 08 01 00 12 00 12 00 00 00 00 19 00 00 02 FC 00 00 07 00 00 00 00 00 00 00 00 00 00 00 00 00 00 00 16:30:28:947
00 FF FF 00 07 20 00 08 01 00 13 00 13 00 00 00 00 7D 00 00 03 0F 00 00 07 00 00 00 00 00 00 00 00 00 00 00 00 00 00 00 16:30:28:963
00 FF FF 00 07 20 00 08 01 00 14 00 14 00 00 00 02 71 00 00 03 20 00 00 07 00 00 00 00 00 00 00 00 00 00 00 00 00 00 00 16:30:28:979
00 FF FF 00 07 20 00 08 01 00 15 00 15 00 00 00 0C 35 00 00 03 33 00 00 07 00 00 00 00 00 00 00 00 00 00 00 00 00 00 00 16:30:28:995
00 FF FF 00 07 20 00 08 01 00 16 00 16 00 00 00 3D 09 00 00 03 40 00 00 07 00 00 00 00 00 00 00 00 00 00 00 00 00 00 00 16:30:29:011
00 FF FF 00 07 20 00 08 01 00 17 00 17 00 00 01 31 2D 00 00 03 50 00 00 07 00 00 00 00 00 00 00 00 00 00 00 00 00 00 00 16:30:29:027
00 FF FF 00 07 20 00 08 01 00 18 00 18 00 00 00 00 01 00 00 04 46 00 00 07 00 00 00 00 00 00 00 00 00 00 00 00 00 00 00 16:30:29:251
00 FF FF 00 07 20 00 08 01 00 19 00 19 00 00 00 00 05 00 00 04 4E 00 00 07 00 00 00 00 00 00 00 00 00 00 00 00 00 00 00 16:30:29:283
00 FF FF 00 07 20 00 08 01 00 1A 00 1A 00 00 00 00 19 00 00 04 63 00 00 07 00 00 00 00 00 00 00 00 00 00 00 00 00 00 00 16:30:29:284
00 FF FF 00 07 20 00 08 01 00 1B 00 1B 00 00 00 00 7D 00 00 04 73 00 00 07 00 00 00 00 00 00 00 00 00 00 00 00 00 00 00 16:30:29:299
00 FF FF 00 07 20 00 08 01 00 1C 00 1C 00 00 00 02 71 00 00 04 80 00 00 07 00 00 00 00 00 00 00 00 00 00 00 00 00 00 00 16:30:29:315
00 FF FF 00 07 20 00 08 01 00 1D 00 1D 00 00 00 0C 35 00 00 04 90 00 00 07 00 00 00 00 00 00 00 00 00 00 00 00 00 00 00 16:30:29:331
00 FF FF 00 07 20 00 08 01 00 1E 00 1E 00 00 00 3D 09 00 00 04 A3 00 00 07 00 00 00 00 00 00 00 00 00 00 00 00 00 00 00 16:30:29:347
00 FF FF 00 07 20 00 08 01 00 1F 00 1F 00 00 01 31 2D 00 00 04 B2 00 00 07 00 00 00 00 00 00 00 00 00 00 00 00 00 00 00 16:30:29:378
