00 FF FF 00 00 21 00 08 08 01 00 00 00 00 00 00 00 00 01 00 00 75 33 00 00 00 00 00 00 00 00 00 00 00 00 00 00 00 00 00 00 17:43:10:065
00 FF FF 00 00 21 00 08 07 01 00 01 00 01 00 00 00 00 05 00 00 75 3C 00 00 00 00 00 00 00 00 00 00 00 00 00 00 00 00 00 00 17:43:10:066
00 FF FF 00 00 21 00 08 06 01 00 02 00 02 00 00 00 00 19 00 00 75 47 00 00 00 00 00 00 00 00 00 00 00 00 00 00 00 00 00 00 17:43:10:068
00 FF FF 00 00 21 00 08 05 01 00 03 00 03 00 00 00 00 7D 00 00 75 53 00 00 00 00 00 00 00 00 00 00 00 00 00 00 00 00 00 00 17:43:10:069
00 FF FF 00 00 21 00 08 04 01 00 04 00 04 00 00 00 02 71 00 00 75 5F 00 00 00 00 00 00 00 00 00 00 00 00 00 00 00 00 00 00 17:43:10:071
00 FF FF 00 00 21 00 08 03 01 00 05 00 05 00 00 00 0C 35 00 00 75 6A 00 00 00 00 00 00 00 00 00 00 00 00 00 00 00 00 00 00 17:43:10:114
00 FF FF 00 00 21 00 08 02 01 00 06 00 06 00 00 00 3D 09 00 00 75 76 00 00 00 00 00 00 00 00 00 00 00 00 00 00 00 00 00 00 17:43:10:116
00 FF FF 00 00 21 00 08 01 01 00 07 00 07 00 00 01 31 2D 00 00 75 82 00 00 00 00 00 00 00 00 00 00 00 00 00 00 00 00 00 00 17:43:10:118
00 FF FF 00 03 21 00 08 04 02 00 00 00 01 00 00 00 00 02 00 00 77 51 00 00 03 FF FF 00 00 00 00 00 00 00 00 00 00 00 00 00 17:43:10:180
00 FF FF 00 03 21 00 08 03 02 00 02 00 03 00 00 00 00 64 00 00 77 60 00 00 03 FF FF 00 00 00 00 00 00 00 00 00 00 00 00 00 17:43:10:221
00 FF FF 00 03 21 00 08 02 02 00 04 00 05 00 00 00 02 71 00 00 77 6B 00 00 03 FF FF 00 00 00 00 00 00 00 00 00 00 00 00 00 17:43:10:223
00 FF FF 00 03 21 00 08 01 02 00 06 00 07 00 00 00 3D 09 00 00 77 77 00 00 03 FF FF 00 00 00 00 00 00 00 00 00 00 00 00 00 17:43:10:225
00 FF FF 00 01 21 00 08 04 02 00 00 00 01 00 00 00 00 00 00 00 76 28 00 00 01 FF FF 00 00 00 00 00 00 00 00 00 00 00 00 00 17:43:10:237
00 FF FF 00 01 21 00 08 03 02 00 02 00 03 00 00 00 00 00 00 00 76 38 00 00 01 FF FF 00 00 00 00 00 00 00 00 00 00 00 00 00 17:43:10:280
00 FF FF 00 01 21 00 08 02 02 00 04 00 05 00 00 00 07 53 00 00 76 43 00 00 01 FF FF 00 00 00 00 00 00 00 00 00 00 00 00 00 17:43:10:282
00 FF FF 00 01 21 00 08 01 02 00 06 00 07 00 00 00 7A 12 00 00 76 4F 00 00 01 FF FF 00 00 00 00 00 00 00 00 00 00 00 00 00 17:43:10:283
00 FF FF 00 01 21 00 08 00 06 00 00 00 00 08 00 00 00 00 00 00 76 F6 00 00 01 FF FF 00 00 00 00 00 00 00 00 00 00 00 00 00 17:43:10:440
00 FF FF 00 03 21 00 08 00 06 00 00 00 00 08 00 00 00 00 00 00 78 76 00 00 03 FF FF 00 00 00 00 00 00 00 00 00 00 00 00 00 17:43:10:455
00 FF FF 00 02 21 00 08 04 02 00 00 00 01 00 00 00 00 01 00 00 75 D7 00 00 02 FF FF 00 00 00 00 00 00 00 00 00 00 00 00 00 17:43:11:143
00 FF FF 00 02 21 00 08 03 02 00 02 00 03 00 00 00 00 19 00 00 79 B8 00 00 02 FF FF 00 00 00 00 00 00 00 00 00 00 00 00 00 17:43:11:172
00 FF FF 00 02 21 00 08 02 02 00 04 00 05 00 00 00 09 C4 00 00 79 C3 00 00 02 FF FF 00 00 00 00 00 00 00 00 00 00 00 00 00 17:43:11:174
00 FF FF 00 02 21 00 08 01 02 00 06 00 07 00 00 00 00 00 00 00 79 CF 00 00 02 FF FF 00 00 00 00 00 00 00 00 00 00 00 00 00 17:43:11:176
