00 FF FF 00 00 21 00 08 08 01 00 00 00 00 00 00 00 00 01 00 00 75 33 00 00 00 00 00 00 00 00 00 00 00 00 00 00 00 00 00 00 17:46:51:609
00 FF FF 00 00 21 00 08 07 01 00 01 00 01 00 00 00 00 05 00 00 75 3C 00 00 00 00 00 00 00 00 00 00 00 00 00 00 00 00 00 00 17:46:51:653
00 FF FF 00 00 21 00 08 06 01 00 02 00 02 00 00 00 00 19 00 00 75 47 00 00 00 00 00 00 00 00 00 00 00 00 00 00 00 00 00 00 17:46:51:655
00 FF FF 00 00 21 00 08 05 01 00 03 00 03 00 00 00 00 7D 00 00 75 53 00 00 00 00 00 00 00 00 00 00 00 00 00 00 00 00 00 00 17:46:51:656
00 FF FF 00 00 21 00 08 04 01 00 04 00 04 00 00 00 02 71 00 00 75 5F 00 00 00 00 00 00 00 00 00 00 00 00 00 00 00 00 00 00 17:46:51:657
00 FF FF 00 00 21 00 08 03 01 00 05 00 05 00 00 00 0C 35 00 00 75 6B 00 00 00 00 00 00 00 00 00 00 00 00 00 00 00 00 00 00 17:46:51:667
00 FF FF 00 00 21 00 08 02 01 00 06 00 06 00 00 00 3D 09 00 00 75 76 00 00 00 00 00 00 00 00 00 00 00 00 00 00 00 00 00 00 17:46:51:696
00 FF FF 00 00 21 00 08 01 01 00 07 00 07 00 00 01 31 2D 00 00 75 82 00 00 00 00 00 00 00 00 00 00 00 00 00 00 00 00 00 00 17:46:51:697
00 FF FF 00 01 21 00 08 04 02 00 00 00 01 00 00 00 00 01 00 00 66 27 00 00 01 FF FF 00 00 00 00 00 00 00 00 00 00 00 00 00 17:46:51:775
00 FF FF 00 01 21 00 08 03 02 00 02 00 03 00 00 00 00 4B 00 00 66 32 00 00 01 FF FF 00 00 00 00 00 00 00 00 00 00 00 00 00 17:46:51:791
00 FF FF 00 03 21 00 08 04 02 00 00 00 01 00 00 00 00 04 00 00 74 CD 00 00 03 FF FF 00 00 00 00 00 00 00 00 00 00 00 00 00 17:46:51:897
00 FF FF 00 01 21 00 08 02 02 00 04 00 05 00 00 00 07 53 00 00 66 3E 00 00 01 FF FF 00 00 00 00 00 00 00 00 00 00 00 00 00 17:46:51:898
00 FF FF 00 03 21 00 08 03 02 00 02 00 03 00 00 00 00 4B 00 00 74 DB 00 00 03 FF FF 00 00 00 00 00 00 00 00 00 00 00 00 00 17:46:51:899
00 FF FF 00 01 21 00 08 01 02 00 06 00 07 00 00 00 00 00 00 00 66 4C 00 00 01 FF FF 00 00 00 00 00 00 00 00 00 00 00 00 00 17:46:51:900
00 FF FF 00 03 21 00 08 02 02 00 04 00 05 00 00 00 02 71 00 00 74 EA 00 00 03 FF FF 00 00 00 00 00 00 00 00 00 00 00 00 00 17:46:51:901
00 FF FF 00 02 21 00 08 04 02 00 00 00 01 00 00 00 00 02 00 00 80 EB 00 00 02 FF FF 00 00 00 00 00 00 00 00 00 00 00 00 00 17:46:51:902
00 FF FF 00 03 21 00 08 01 02 00 06 00 07 00 00 00 3D 09 00 00 74 F8 00 00 03 FF FF 00 00 00 00 00 00 00 00 00 00 00 00 00 17:46:51:904
00 FF FF 00 02 21 00 08 03 02 00 02 00 03 00 00 00 00 64 00 00 80 F5 00 00 02 FF FF 00 00 00 00 00 00 00 00 00 00 00 00 00 17:46:51:905
00 FF FF 00 02 21 00 08 02 02 00 04 00 05 00 00 00 00 00 00 00 81 04 00 00 02 FF FF 00 00 00 00 00 00 00 00 00 00 00 00 00 17:46:51:906
00 FF FF 00 02 21 00 08 01 02 00 06 00 07 00 00 00 3D 09 00 00 81 10 00 00 02 FF FF 00 00 00 00 00 00 00 00 00 00 00 00 00 17:46:51:907
00 FF FF 00 02 21 00 08 00 06 00 00 00 00 08 00 00 00 00 00 00 81 AD 00 00 02 FF FF 00 00 00 00 00 00 00 00 00 00 00 00 00 17:46:52:032
00 FF FF 00 03 21 00 08 00 06 00 00 00 00 08 00 00 00 00 00 00 75 DD 00 00 03 FF FF 00 00 00 00 00 00 00 00 00 00 00 00 00 17:46:52:078
00 FF FF 00 01 21 00 08 00 06 00 00 00 00 08 00 00 00 00 00 00 67 53 00 00 01 FF FF 00 00 00 00 00 00 00 00 00 00 00 00 00 17:46:52:079
